0.702028 -0.319567
0.704548 -0.315046
0.706880 -0.310385
0.709033 -0.305622
0.711020 -0.300798
0.712851 -0.295951
0.714536 -0.291120
0.716086 -0.286344
0.717513 -0.281662
0.718826 -0.277114
0.720037 -0.272738
0.721156 -0.268573
0.722194 -0.264659
0.723162 -0.261034
0.724069 -0.257730
0.724918 -0.254738
0.725710 -0.252040
0.726447 -0.249617
0.727129 -0.247449
0.727757 -0.245517
0.728333 -0.243803
0.728857 -0.242287
0.729331 -0.240949
0.729756 -0.239771
0.730132 -0.238734
0.730460 -0.237818
0.730743 -0.237005
0.730980 -0.236274
0.731173 -0.235608
0.731323 -0.234987
0.731431 -0.234394
0.731498 -0.233830
0.731525 -0.233305
0.731513 -0.232829
0.731463 -0.232410
0.731377 -0.232059
0.731255 -0.231785
0.731098 -0.231597
0.730907 -0.231505
0.730684 -0.231519
0.730429 -0.231648
0.730144 -0.231901
0.729830 -0.232289
0.729487 -0.232820
0.729116 -0.233505
0.728719 -0.234372
0.728293 -0.235469
0.727837 -0.236844
0.727352 -0.238544
0.726834 -0.240617
0.726285 -0.243111
0.725702 -0.246073
0.725085 -0.249553
0.724432 -0.253582
0.723742 -0.258127
0.723015 -0.263128
0.722250 -0.268529
0.721444 -0.274272
0.720599 -0.280300
0.719711 -0.286554
0.718781 -0.292978
0.717808 -0.299533
0.716789 -0.306200
0.715725 -0.312960
0.714614 -0.319793
0.713455 -0.326680
0.712248 -0.333604
0.710991 -0.340544
0.709682 -0.347481
0.708322 -0.354399
0.706910 -0.361291
0.705443 -0.368153
0.703921 -0.374981
0.702343 -0.381772
0.700708 -0.388522
0.699016 -0.395227
0.697264 -0.401884
0.695454 -0.408490
0.693589 -0.415044
0.691670 -0.421544
0.689702 -0.427988
0.687685 -0.434375
0.685624 -0.440703
0.683521 -0.446971
0.681377 -0.453176
0.679197 -0.459318
0.676983 -0.465395
0.674737 -0.471406
0.672462 -0.477348
0.670161 -0.483220
0.667837 -0.489020
0.665491 -0.494748
0.663127 -0.500401
0.660743 -0.505978
0.658334 -0.511477
0.655896 -0.516896
0.653426 -0.522235
0.650917 -0.527491
0.648367 -0.532662
0.645769 -0.537748
0.643121 -0.542747
0.640418 -0.547657
0.637655 -0.552477
0.634827 -0.557204
0.631931 -0.561838
0.628962 -0.566376
0.625916 -0.570818
0.622793 -0.575156
0.619609 -0.579373
0.616379 -0.583447
0.613121 -0.587361
0.609850 -0.591092
0.606583 -0.594622
0.603335 -0.597931
0.600125 -0.600998
0.596967 -0.603806
0.593872 -0.606356
0.590848 -0.608666
0.587902 -0.610755
0.585041 -0.612639
0.582273 -0.614339
0.579604 -0.615870
0.577043 -0.617252
0.574589 -0.618494
0.572237 -0.619590
0.569977 -0.620534
0.567803 -0.621319
0.565705 -0.621940
0.563675 -0.622388
0.561706 -0.622659
0.559789 -0.622745
0.557917 -0.622641
0.556084 -0.622339
0.554292 -0.621834
0.552537 -0.621118
0.550819 -0.620186
0.549137 -0.619030
0.547490 -0.617645
0.545877 -0.616024
0.544300 -0.614168
0.542766 -0.612089
0.541283 -0.609801
0.539859 -0.607316
0.538502 -0.604648
0.537219 -0.601810
0.536019 -0.598816
0.534909 -0.595679
0.533897 -0.592412
0.532991 -0.589028
0.532199 -0.585541
0.531528 -0.581964
0.530987 -0.578311
0.530583 -0.574594
0.530324 -0.570827
0.530218 -0.567024
0.530273 -0.563195
0.530496 -0.559353
0.530895 -0.555508
0.531479 -0.551671
0.532254 -0.547853
0.533230 -0.544064
0.534413 -0.540315
0.535811 -0.536617
0.537433 -0.532982
0.539286 -0.529419
0.541378 -0.525939
0.543717 -0.522554
0.546310 -0.519275
0.549166 -0.516111
0.552289 -0.513072
0.555671 -0.510153
0.559297 -0.507348
0.563152 -0.504646
0.567221 -0.502041
0.571489 -0.499523
0.575943 -0.497084
0.580568 -0.494717
0.585348 -0.492411
0.590269 -0.490161
0.595316 -0.487956
0.600475 -0.485789
0.605731 -0.483651
0.611070 -0.481534
0.616476 -0.479430
0.621935 -0.477330
0.627434 -0.475226
0.632959 -0.473110
0.638499 -0.470973
0.644043 -0.468807
0.649579 -0.466604
0.655095 -0.464356
0.660581 -0.462053
0.666024 -0.459688
0.671412 -0.457253
0.676735 -0.454739
0.681981 -0.452137
0.687137 -0.449440
0.692193 -0.446640
0.697137 -0.443727
0.701957 -0.440693
0.706641 -0.437531
0.711182 -0.434234
0.715578 -0.430810
0.719833 -0.427267
0.723949 -0.423615
0.727930 -0.419863
0.731778 -0.416021
0.735495 -0.412098
0.739085 -0.408103
0.742550 -0.404046
0.745892 -0.399936
0.749116 -0.395782
0.752223 -0.391593
0.755217 -0.387379
0.758099 -0.383150
0.760873 -0.378914
0.763542 -0.374681
0.766107 -0.370459
0.768573 -0.366251
0.770942 -0.362054
0.773216 -0.357868
0.775398 -0.353693
0.777491 -0.349527
0.779498 -0.345369
0.781422 -0.341220
0.783265 -0.337078
0.785030 -0.332941
0.786719 -0.328810
0.788336 -0.324683
0.789884 -0.320560
0.791364 -0.316440
0.792780 -0.312321
0.794135 -0.308206
0.795428 -0.304102
0.796663 -0.300014
0.797840 -0.295951
0.798960 -0.291918
0.800026 -0.287924
0.801037 -0.283975
0.801997 -0.280078
0.802905 -0.276239
0.803764 -0.272467
0.804575 -0.268767
0.805339 -0.265147
0.806058 -0.261615
0.806732 -0.258175
0.807363 -0.254837
0.807954 -0.251607
0.808504 -0.248491
0.809015 -0.245496
0.809490 -0.242631
0.809928 -0.239901
0.810332 -0.237314
0.810702 -0.234876
0.811041 -0.232595
0.811349 -0.230477
0.811628 -0.228529
0.811880 -0.226759
0.812105 -0.225174
0.812305 -0.223780
0.812481 -0.222584
0.812635 -0.221594
0.812769 -0.220815
0.812882 -0.220256
0.812977 -0.219914
0.813055 -0.219757
0.813115 -0.219752
0.813157 -0.219862
0.813183 -0.220053
0.813193 -0.220289
0.813186 -0.220536
0.813164 -0.220759
0.813127 -0.220922
0.813075 -0.221017
0.813008 -0.221084
0.812928 -0.221172
0.812834 -0.221326
0.812726 -0.221593
0.812606 -0.222020
0.812473 -0.222653
0.812328 -0.223535
0.812171 -0.224686
0.812003 -0.226121
0.811824 -0.227855
0.811634 -0.229903
0.811434 -0.232279
0.811224 -0.234999
0.811005 -0.238075
0.810777 -0.241475
0.810540 -0.245147
0.810295 -0.249034
0.810042 -0.253083
0.809782 -0.257237
0.809514 -0.261442
0.735218 -0.232750
0.735057 -0.231900
0.734818 -0.230978
0.734504 -0.230128
0.734118 -0.229496
0.733661 -0.229227
0.733138 -0.229465
0.732549 -0.230353
0.731899 -0.231995
0.731189 -0.234448
0.730421 -0.237768
0.729600 -0.242007
0.728727 -0.247042
0.727804 -0.252494
0.726835 -0.257968
0.725822 -0.263217
0.724767 -0.268237
0.723674 -0.273047
0.722544 -0.277663
0.721381 -0.282103
0.720187 -0.286386
0.718964 -0.290528
0.717715 -0.294547
0.716443 -0.298460
0.715151 -0.302286
0.713840 -0.306041
0.712513 -0.309744
0.711174 -0.313412
0.709825 -0.317062
0.708467 -0.320713
0.707105 -0.324381
0.705740 -0.328078
0.704375 -0.331811
0.703013 -0.335581
0.701656 -0.339393
0.700306 -0.343249
0.698967 -0.347154
0.697642 -0.351111
0.696331 -0.355124
0.695039 -0.359196
0.693768 -0.363330
0.692520 -0.367530
0.691298 -0.371800
0.690104 -0.376143
0.688942 -0.380563
0.687813 -0.385063
0.686719 -0.389638
0.685657 -0.394273
0.684624 -0.398950
0.683618 -0.403652
0.682638 -0.408364
0.681679 -0.413067
0.680741 -0.417746
0.679820 -0.422383
0.678915 -0.426962
0.678022 -0.431466
0.677139 -0.435877
0.676265 -0.440180
0.675396 -0.444357
0.674531 -0.448392
0.673666 -0.452267
0.672799 -0.455967
0.671928 -0.459493
0.671051 -0.462866
0.670165 -0.466107
0.669268 -0.469237
0.668357 -0.472279
0.667430 -0.475254
0.666485 -0.478184
0.665519 -0.481090
0.664529 -0.483993
0.663514 -0.486917
0.662470 -0.489881
0.661396 -0.492908
0.660289 -0.496020
0.659147 -0.499237
0.657967 -0.502582
0.656747 -0.506075
0.655486 -0.509715
0.654185 -0.513484
0.652845 -0.517361
0.651465 -0.521327
0.650047 -0.525363
0.648592 -0.529448
0.647099 -0.533562
0.645570 -0.537687
0.644005 -0.541802
0.642405 -0.545887
0.640770 -0.549924
0.639102 -0.553892
0.637400 -0.557771
0.635665 -0.561542
0.633899 -0.565186
0.632101 -0.568684
0.630273 -0.572032
0.628414 -0.575232
0.626526 -0.578285
0.624609 -0.581193
0.622664 -0.583957
0.620691 -0.586579
0.618692 -0.589060
0.616666 -0.591402
0.614614 -0.593606
0.612538 -0.595673
0.610437 -0.597606
0.608312 -0.599404
0.606164 -0.601071
0.603994 -0.602607
0.601801 -0.604014
0.599590 -0.605298
0.597361 -0.606464
0.595117 -0.607521
0.592862 -0.608475
0.590598 -0.609332
0.588328 -0.610101
0.586054 -0.610787
0.583779 -0.611399
0.581505 -0.611942
0.579236 -0.612424
0.576975 -0.612852
0.574723 -0.613232
0.572484 -0.613572
0.570260 -0.613879
0.568053 -0.614159
0.565868 -0.614418
0.563706 -0.614652
0.561569 -0.614851
0.559462 -0.615008
0.557385 -0.615115
0.555343 -0.615164
0.553338 -0.615147
0.551372 -0.615056
0.549448 -0.614882
0.547569 -0.614618
0.545738 -0.614256
0.543956 -0.613787
0.542228 -0.613204
0.540555 -0.612497
0.538941 -0.611660
0.537387 -0.610685
0.535897 -0.609564
0.534475 -0.608300
0.533122 -0.606897
0.531842 -0.605357
0.530639 -0.603686
0.529516 -0.601887
0.528476 -0.599963
0.527522 -0.597919
0.526657 -0.595758
0.525885 -0.593484
0.525208 -0.591101
0.524631 -0.588613
0.524155 -0.586023
0.523786 -0.583335
0.523524 -0.580554
0.523375 -0.577682
0.523341 -0.574726
0.523425 -0.571694
0.523630 -0.568595
0.523960 -0.565441
0.524418 -0.562240
0.525007 -0.559003
0.525730 -0.555741
0.526591 -0.552462
0.527593 -0.549177
0.528738 -0.545895
0.530031 -0.542628
0.531474 -0.539384
0.533071 -0.536174
0.534825 -0.533007
0.536738 -0.529894
0.538814 -0.526843
0.541052 -0.523852
0.543450 -0.520920
0.546007 -0.518044
0.548723 -0.515222
0.551595 -0.512452
0.554623 -0.509731
0.557804 -0.507058
0.561139 -0.504429
0.564625 -0.501843
0.568261 -0.499297
0.572046 -0.496788
0.575979 -0.494316
0.580058 -0.491876
0.584283 -0.489468
0.588651 -0.487088
0.593157 -0.484735
0.597785 -0.482405
0.602521 -0.480098
0.607348 -0.477810
0.612252 -0.475539
0.617217 -0.473283
0.622227 -0.471039
0.627267 -0.468806
0.632322 -0.466580
0.637376 -0.464360
0.642414 -0.462144
0.647420 -0.459928
0.652378 -0.457712
0.657274 -0.455491
0.662092 -0.453265
0.666817 -0.451030
0.671441 -0.448785
0.675966 -0.446528
0.680393 -0.444255
0.684724 -0.441964
0.688959 -0.439654
0.693100 -0.437322
0.697148 -0.434966
0.701105 -0.432582
0.704972 -0.430170
0.708750 -0.427727
0.712441 -0.425250
0.716046 -0.422738
0.719567 -0.420187
0.723004 -0.417596
0.726359 -0.414961
0.729634 -0.412282
0.732829 -0.409556
0.735946 -0.406780
0.738987 -0.403951
0.741953 -0.401069
0.744845 -0.398130
0.747664 -0.395132
0.750412 -0.392073
0.753090 -0.388950
0.755700 -0.385761
0.758243 -0.382505
0.760719 -0.379178
0.763132 -0.375778
0.765481 -0.372303
0.767768 -0.368751
0.769995 -0.365119
0.772162 -0.361411
0.774270 -0.357629
0.776320 -0.353778
0.778312 -0.349864
0.780248 -0.345891
0.782126 -0.341863
0.783949 -0.337785
0.785717 -0.333662
0.787430 -0.329497
0.789090 -0.325296
0.790696 -0.321064
0.792249 -0.316804
0.793751 -0.312522
0.795201 -0.308221
0.796600 -0.303907
0.797950 -0.299585
0.799249 -0.295263
0.800500 -0.290953
0.801703 -0.286664
0.802858 -0.282406
0.803966 -0.278190
0.805028 -0.274025
0.806045 -0.269923
0.807016 -0.265892
0.807942 -0.261944
0.808825 -0.258088
0.809665 -0.254335
0.810462 -0.250695
0.811217 -0.247177
0.811932 -0.243793
0.812605 -0.240554
0.813238 -0.237485
0.813832 -0.234610
0.814388 -0.231956
0.814905 -0.229548
0.815384 -0.227412
0.815827 -0.225574
0.816234 -0.224059
0.816605 -0.222882
0.816941 -0.222017
0.817242 -0.221434
0.817510 -0.221100
0.817745 -0.220983
0.817948 -0.221052
0.818119 -0.221274
0.818258 -0.221618
0.818367 -0.222049
0.818446 -0.222516
0.818496 -0.222968
0.818517 -0.223355
0.818510 -0.223623
0.818476 -0.223722
0.818415 -0.223600
0.818328 -0.223206
0.818215 -0.222532
0.818078 -0.221679
0.817916 -0.220764
0.817731 -0.219905
0.817523 -0.219218
0.817292 -0.218820
0.737740 -0.224288
0.737450 -0.224406
0.737105 -0.224862
0.736708 -0.225755
0.736260 -0.227184
0.735762 -0.229247
0.735216 -0.232043
0.734623 -0.235592
0.733985 -0.239764
0.733303 -0.244414
0.732578 -0.249394
0.731813 -0.254558
0.731008 -0.259759
0.730165 -0.264851
0.729285 -0.269712
0.728370 -0.274334
0.727422 -0.278748
0.726441 -0.282982
0.725429 -0.287066
0.724388 -0.291030
0.723320 -0.294901
0.722225 -0.298710
0.721105 -0.302486
0.719961 -0.306259
0.718796 -0.310056
0.717610 -0.313909
0.716405 -0.317845
0.715182 -0.321894
0.713944 -0.326087
0.712690 -0.330449
0.711423 -0.334985
0.710145 -0.339667
0.708856 -0.344470
0.707558 -0.349366
0.706253 -0.354330
0.704941 -0.359335
0.703626 -0.364353
0.702307 -0.369359
0.700987 -0.374325
0.699666 -0.379225
0.698347 -0.384033
0.697031 -0.388722
0.695719 -0.393264
0.694412 -0.397634
0.693113 -0.401805
0.691822 -0.405766
0.690536 -0.409560
0.689254 -0.413242
0.687973 -0.416866
0.686690 -0.420489
0.685403 -0.424166
0.684110 -0.427951
0.682807 -0.431900
0.681492 -0.436058
0.680163 -0.440418
0.678817 -0.444959
0.677451 -0.449657
0.676064 -0.454490
0.674652 -0.459434
0.673214 -0.464468
0.671745 -0.469567
0.670245 -0.474710
0.668710 -0.479861
0.667138 -0.484977
0.665527 -0.490013
0.663873 -0.494926
0.662175 -0.499673
0.660429 -0.504208
0.658634 -0.508489
0.656786 -0.512472
0.654883 -0.516161
0.652923 -0.519627
0.650904 -0.522946
0.648822 -0.526198
0.646674 -0.529457
0.644460 -0.532803
0.642175 -0.536311
0.639819 -0.540014
0.637391 -0.543882
0.634892 -0.547877
0.632322 -0.551962
0.629680 -0.556099
0.626967 -0.560252
0.624183 -0.564383
0.621328 -0.568455
0.618416 -0.572431
0.615499 -0.576274
0.612639 -0.579947
0.609896 -0.583412
0.607330 -0.586632
0.605002 -0.589570
0.602971 -0.592188
0.601289 -0.594456
0.599920 -0.596380
0.598794 -0.597987
0.597839 -0.599302
0.596982 -0.600351
0.596152 -0.601161
0.595278 -0.601758
0.594286 -0.602167
0.593109 -0.602415
0.591730 -0.602528
0.590177 -0.602531
0.588479 -0.602451
0.586666 -0.602314
0.584769 -0.602145
0.582815 -0.601972
0.580835 -0.601819
0.578850 -0.601702
0.576865 -0.601613
0.574882 -0.601543
0.572905 -0.601481
0.570935 -0.601418
0.568976 -0.601344
0.567031 -0.601249
0.565101 -0.601123
0.563191 -0.600956
0.561302 -0.600739
0.559437 -0.600462
0.557599 -0.600114
0.555792 -0.599686
0.554017 -0.599169
0.552277 -0.598551
0.550575 -0.597825
0.548914 -0.596988
0.547297 -0.596038
0.545726 -0.594975
0.544203 -0.593799
0.542733 -0.592508
0.541317 -0.591102
0.539958 -0.589580
0.538660 -0.587941
0.537424 -0.586185
0.536253 -0.584309
0.535151 -0.582315
0.534119 -0.580201
0.533162 -0.577965
0.532280 -0.575608
0.531478 -0.573129
0.530758 -0.570532
0.530122 -0.567827
0.529574 -0.565025
0.529116 -0.562139
0.528750 -0.559179
0.528481 -0.556157
0.528309 -0.553084
0.528239 -0.549971
0.528272 -0.546830
0.528412 -0.543672
0.528662 -0.540509
0.529023 -0.537352
0.529499 -0.534211
0.530093 -0.531099
0.530806 -0.528027
0.531643 -0.525004
0.532606 -0.522031
0.533697 -0.519109
0.534919 -0.516237
0.536275 -0.513414
0.537768 -0.510640
0.539400 -0.507916
0.541175 -0.505239
0.543094 -0.502611
0.545161 -0.500030
0.547378 -0.497496
0.549749 -0.495009
0.552275 -0.492569
0.554960 -0.490175
0.557807 -0.487827
0.560817 -0.485524
0.563990 -0.483265
0.567317 -0.481047
0.570791 -0.478867
0.574403 -0.476723
0.578144 -0.474611
0.582007 -0.472528
0.585984 -0.470473
0.590065 -0.468441
0.594243 -0.466429
0.598510 -0.464436
0.602857 -0.462457
0.607276 -0.460491
0.611758 -0.458534
0.616296 -0.456583
0.620881 -0.454635
0.625505 -0.452687
0.630159 -0.450737
0.634836 -0.448782
0.639527 -0.446818
0.644224 -0.444843
0.648918 -0.442854
0.653602 -0.440848
0.658266 -0.438822
0.662904 -0.436773
0.667505 -0.434698
0.672063 -0.432594
0.676569 -0.430459
0.681015 -0.428289
0.685392 -0.426082
0.689692 -0.423834
0.693907 -0.421543
0.698028 -0.419206
0.702052 -0.416821
0.705979 -0.414387
0.709810 -0.411905
0.713546 -0.409374
0.717189 -0.406793
0.720739 -0.404163
0.724200 -0.401483
0.727570 -0.398753
0.730852 -0.395973
0.734047 -0.393142
0.737157 -0.390261
0.740182 -0.387328
0.743123 -0.384344
0.745983 -0.381308
0.748762 -0.378220
0.751461 -0.375081
0.754082 -0.371888
0.756626 -0.368643
0.759095 -0.365346
0.761489 -0.361995
0.763809 -0.358590
0.766058 -0.355132
0.768236 -0.351619
0.770345 -0.348053
0.772385 -0.344432
0.774359 -0.340756
0.776267 -0.337025
0.778110 -0.333238
0.779891 -0.329396
0.781609 -0.325498
0.783267 -0.321544
0.784865 -0.317537
0.786405 -0.313486
0.787887 -0.309400
0.789312 -0.305290
0.790681 -0.301165
0.791995 -0.297035
0.793255 -0.292909
0.794461 -0.288798
0.795615 -0.284711
0.796717 -0.280657
0.797769 -0.276647
0.798771 -0.272691
0.799724 -0.268797
0.800629 -0.264976
0.801486 -0.261238
0.802298 -0.257592
0.803063 -0.254049
0.803785 -0.250616
0.804462 -0.247306
0.805097 -0.244126
0.805690 -0.241088
0.806242 -0.238200
0.806753 -0.235473
0.807226 -0.232916
0.807660 -0.230539
0.808056 -0.228352
0.808415 -0.226364
0.808739 -0.224586
0.809028 -0.223026
0.809283 -0.221695
0.809505 -0.220602
0.809695 -0.219742
0.809853 -0.219090
0.809982 -0.218617
0.810083 -0.218298
0.810156 -0.218104
0.810203 -0.218007
0.810226 -0.217982
0.810225 -0.218000
0.810202 -0.218034
0.810158 -0.218057
0.810094 -0.218041
0.810011 -0.217959
0.809911 -0.217784
0.809795 -0.217488
0.809665 -0.217045
0.809520 -0.216442
0.809363 -0.215749
0.809195 -0.215063
0.809017 -0.214480
0.808831 -0.214096
0.808637 -0.214007
0.808437 -0.214310
0.808232 -0.215099
0.808023 -0.216468
0.807811 -0.218436
0.807599 -0.220966
0.807386 -0.224021
0.807174 -0.227561
0.806965 -0.231547
0.806760 -0.235942
