0.438317 -0.255570
0.438750 -0.252376
0.439161 -0.249230
0.439550 -0.246148
0.439916 -0.243142
0.440261 -0.240227
0.440585 -0.237416
0.440888 -0.234725
0.441171 -0.232166
0.441435 -0.229754
0.441679 -0.227503
0.441903 -0.225427
0.442110 -0.223539
0.442298 -0.221855
0.442468 -0.220387
0.442621 -0.219147
0.442757 -0.218128
0.442877 -0.217311
0.442980 -0.216678
0.443068 -0.216212
0.443141 -0.215895
0.443198 -0.215709
0.443242 -0.215636
0.443271 -0.215658
0.443287 -0.215758
0.443289 -0.215917
0.443279 -0.216117
0.443256 -0.216341
0.443221 -0.216571
0.443175 -0.216790
0.443118 -0.216978
0.443050 -0.217119
0.442971 -0.217205
0.442883 -0.217235
0.442785 -0.217207
0.442678 -0.217120
0.442563 -0.216974
0.442439 -0.216767
0.442308 -0.216497
0.442169 -0.216164
0.442023 -0.215769
0.441871 -0.215334
0.441712 -0.214889
0.441548 -0.214465
0.441378 -0.214095
0.441203 -0.213810
0.441024 -0.213640
0.440841 -0.213617
0.440654 -0.213772
0.440464 -0.214135
0.440271 -0.214735
0.440076 -0.215601
0.439878 -0.216764
0.439679 -0.218253
0.439479 -0.220097
0.439278 -0.222306
0.439077 -0.224837
0.438875 -0.227644
0.438674 -0.230679
0.438474 -0.233892
0.438276 -0.237237
0.438079 -0.240666
0.437884 -0.244131
0.437693 -0.247611
0.437508 -0.251100
0.437332 -0.254594
0.437168 -0.258088
0.437017 -0.261579
0.436883 -0.265062
0.436768 -0.268531
0.436674 -0.271984
0.436603 -0.275415
0.436560 -0.278820
0.436545 -0.282195
0.436562 -0.285535
0.436612 -0.288836
0.436699 -0.292093
0.436826 -0.295301
0.436993 -0.298458
0.437205 -0.301557
0.437463 -0.304595
0.437770 -0.307567
0.438128 -0.310469
0.438541 -0.313296
0.439010 -0.316044
0.439539 -0.318709
0.440128 -0.321285
0.440782 -0.323770
0.441503 -0.326157
0.442293 -0.328443
0.443154 -0.330624
0.444090 -0.332695
0.445102 -0.334651
0.446193 -0.336488
0.447365 -0.338203
0.448616 -0.339800
0.449943 -0.341280
0.451346 -0.342646
0.452822 -0.343901
0.454368 -0.345048
0.455984 -0.346090
0.457666 -0.347030
0.459414 -0.347870
0.461224 -0.348613
0.463095 -0.349262
0.465026 -0.349820
0.467013 -0.350289
0.469056 -0.350673
0.471151 -0.350975
0.473297 -0.351196
0.475493 -0.351341
0.477735 -0.351411
0.480023 -0.351410
0.482353 -0.351340
0.484725 -0.351204
0.487135 -0.351005
0.489583 -0.350747
0.492065 -0.350430
0.494581 -0.350060
0.497128 -0.349637
0.499703 -0.349166
0.502306 -0.348649
0.504934 -0.348088
0.507585 -0.347487
0.510256 -0.346843
0.512944 -0.346123
0.515643 -0.345282
0.518346 -0.344274
0.521050 -0.343055
0.523749 -0.341580
0.526437 -0.339804
0.529108 -0.337682
0.531758 -0.335168
0.534381 -0.332233
0.536972 -0.328905
0.539526 -0.325227
0.542036 -0.321242
0.544497 -0.316993
0.546905 -0.312522
0.549254 -0.307874
0.551539 -0.303090
0.553757 -0.298215
0.555909 -0.293295
0.557994 -0.288375
0.560013 -0.283501
0.561965 -0.278719
0.563851 -0.274072
0.565669 -0.269608
0.567420 -0.265371
0.569104 -0.261400
0.570720 -0.257687
0.572268 -0.254210
0.573749 -0.250943
0.575162 -0.247862
0.576507 -0.244944
0.577784 -0.242165
0.578993 -0.239502
0.580134 -0.236949
0.581208 -0.234506
0.582216 -0.232171
0.583158 -0.229946
0.584036 -0.227828
0.584850 -0.225818
0.585601 -0.223915
0.586290 -0.222119
0.586917 -0.220428
0.587484 -0.218842
0.587991 -0.217362
0.588438 -0.215985
0.588827 -0.214713
0.589159 -0.213543
0.589433 -0.212476
0.589652 -0.211511
0.589815 -0.210648
0.589923 -0.209886
0.589978 -0.209224
0.589980 -0.208662
0.589930 -0.208200
0.589828 -0.207836
0.589675 -0.207571
0.589473 -0.207404
0.589221 -0.207334
0.447982 -0.191110
0.447602 -0.191252
0.447223 -0.191488
0.446846 -0.191780
0.446471 -0.192094
0.446099 -0.192394
0.445729 -0.192646
0.445362 -0.192813
0.444998 -0.192880
0.444639 -0.192916
0.444284 -0.193017
0.443934 -0.193276
0.443589 -0.193786
0.443249 -0.194642
0.442916 -0.195937
0.442589 -0.197766
0.442269 -0.200196
0.441955 -0.203178
0.441650 -0.206632
0.441353 -0.210477
0.441063 -0.214631
0.440783 -0.219013
0.440512 -0.223542
0.440251 -0.228138
0.440000 -0.232733
0.439759 -0.237314
0.439529 -0.241876
0.439310 -0.246416
0.439103 -0.250930
0.438908 -0.255413
0.438725 -0.259863
0.438556 -0.264275
0.438401 -0.268642
0.438265 -0.272951
0.438154 -0.277188
0.438072 -0.281338
0.438025 -0.285389
0.438017 -0.289325
0.438053 -0.293133
0.438139 -0.296799
0.438279 -0.300308
0.438479 -0.303648
0.438742 -0.306803
0.439075 -0.309759
0.439483 -0.312504
0.439969 -0.315022
0.440540 -0.317300
0.441201 -0.319323
0.441955 -0.321095
0.442809 -0.322632
0.443767 -0.323955
0.444835 -0.325084
0.446016 -0.326039
0.447317 -0.326840
0.448742 -0.327506
0.450296 -0.328057
0.451985 -0.328514
0.453813 -0.328896
0.455785 -0.329223
0.457906 -0.329514
0.460181 -0.329791
0.462616 -0.330072
0.465214 -0.330377
0.467974 -0.330705
0.470885 -0.331035
0.473937 -0.331346
0.477119 -0.331614
0.480423 -0.331819
0.483836 -0.331939
0.487350 -0.331952
0.490953 -0.331836
0.494636 -0.331569
0.498387 -0.331129
0.502198 -0.330495
0.506056 -0.329645
0.509954 -0.328557
0.513879 -0.327208
0.517822 -0.325578
0.521772 -0.323646
0.525719 -0.321411
0.529653 -0.318899
0.533564 -0.316134
0.537441 -0.313141
0.541274 -0.309945
0.545053 -0.306572
0.548767 -0.303045
0.552406 -0.299391
0.555960 -0.295634
0.559419 -0.291799
0.562772 -0.287912
0.566009 -0.283996
0.569120 -0.280078
0.572094 -0.276181
0.574921 -0.272332
0.577592 -0.268555
0.580104 -0.264861
0.582463 -0.261252
0.584672 -0.257732
0.586738 -0.254301
0.588665 -0.250961
0.590458 -0.247715
0.592122 -0.244564
0.593662 -0.241510
0.595082 -0.238555
0.596389 -0.235701
0.597586 -0.232950
0.598679 -0.230303
0.599673 -0.227763
0.600572 -0.225330
0.601382 -0.223008
0.602107 -0.220798
0.602753 -0.218698
0.603325 -0.216701
0.603826 -0.214801
0.604263 -0.212993
0.604640 -0.211271
0.604963 -0.209629
0.605235 -0.208060
0.605463 -0.206558
0.605651 -0.205119
0.605804 -0.203735
0.605926 -0.202401
0.606024 -0.201111
0.606101 -0.199859
0.606164 -0.198638
0.606216 -0.197444
0.606259 -0.196278
0.606293 -0.195152
0.606318 -0.194074
0.606332 -0.193057
0.606334 -0.192109
0.606325 -0.191243
0.606302 -0.190467
0.606266 -0.189793
0.606215 -0.189230
0.606149 -0.188790
0.606067 -0.188483
0.605968 -0.188319
0.605852 -0.188308
0.605717 -0.188462
0.605563 -0.188790
0.605390 -0.189302
0.605195 -0.189997
0.604979 -0.190869
0.604741 -0.191909
0.604480 -0.193109
0.604196 -0.194461
0.603887 -0.195957
0.603552 -0.197588
0.603192 -0.199348
0.602804 -0.201228
0.602389 -0.203220
0.601946 -0.205315
0.601473 -0.207507
0.600971 -0.209787
0.600438 -0.212146
0.599874 -0.214578
0.599277 -0.217074
0.598651 -0.219631
0.598000 -0.222251
0.597328 -0.224933
0.596639 -0.227677
0.595937 -0.230483
0.595227 -0.233352
0.594513 -0.236283
0.593798 -0.239278
0.593089 -0.242336
0.592387 -0.245457
0.591699 -0.248642
0.591027 -0.251890
0.590376 -0.255202
0.589751 -0.258578
0.589156 -0.262019
0.588594 -0.265523
0.588071 -0.269077
0.587590 -0.272665
0.587155 -0.276270
0.586771 -0.279873
0.586442 -0.283458
0.586173 -0.287008
0.585966 -0.290505
0.585828 -0.293931
0.456211 -0.199710
0.456004 -0.199878
0.455781 -0.200234
0.455546 -0.200782
0.455302 -0.201528
0.455053 -0.202476
0.454799 -0.203630
0.454546 -0.204996
0.454295 -0.206578
0.454050 -0.208380
0.453813 -0.210409
0.453587 -0.212667
0.453375 -0.215161
0.453181 -0.217894
0.453007 -0.220872
0.452855 -0.224099
0.452729 -0.227570
0.452632 -0.231247
0.452567 -0.235082
0.452536 -0.239031
0.452543 -0.243048
0.452590 -0.247086
0.452680 -0.251100
0.452816 -0.255044
0.453002 -0.258876
0.453239 -0.262591
0.453531 -0.266208
0.453881 -0.269742
0.454292 -0.273212
0.454766 -0.276635
0.455307 -0.280027
0.455917 -0.283406
0.456597 -0.286775
0.457345 -0.290126
0.458161 -0.293452
0.459043 -0.296747
0.459990 -0.300002
0.461001 -0.303212
0.462074 -0.306368
0.463209 -0.309464
0.464404 -0.312492
0.465659 -0.315445
0.466971 -0.318316
0.468339 -0.321098
0.469763 -0.323784
0.471241 -0.326367
0.472773 -0.328839
0.474356 -0.331193
0.475990 -0.333422
0.477673 -0.335518
0.479404 -0.337476
0.481183 -0.339287
0.483007 -0.340945
0.484876 -0.342441
0.486789 -0.343770
0.488744 -0.344924
0.490740 -0.345895
0.492775 -0.346677
0.494850 -0.347262
0.496961 -0.347643
0.499110 -0.347814
0.501293 -0.347766
0.503509 -0.347495
0.505757 -0.347005
0.508032 -0.346304
0.510332 -0.345401
0.512652 -0.344303
0.514990 -0.343017
0.517343 -0.341553
0.519707 -0.339917
0.522080 -0.338117
0.524457 -0.336162
0.526835 -0.334060
0.529212 -0.331817
0.531584 -0.329443
0.533948 -0.326945
0.536301 -0.324330
0.538639 -0.321607
0.540958 -0.318784
0.543257 -0.315869
0.545532 -0.312869
0.547778 -0.309792
0.549994 -0.306646
0.552176 -0.303439
0.554321 -0.300180
0.556424 -0.296875
0.558484 -0.293533
0.560497 -0.290161
0.562460 -0.286768
0.564369 -0.283361
0.566221 -0.279949
0.568012 -0.276538
0.569741 -0.273138
0.571403 -0.269756
0.572996 -0.266399
0.574520 -0.263072
0.575976 -0.259781
0.577366 -0.256530
0.578692 -0.253323
0.579953 -0.250166
0.581153 -0.247062
0.582292 -0.244017
0.583372 -0.241034
0.584393 -0.238119
0.585358 -0.235276
0.586267 -0.232510
0.587123 -0.229826
0.587925 -0.227227
0.588677 -0.224719
0.589378 -0.222307
0.590031 -0.219994
0.590637 -0.217785
0.591197 -0.215686
0.591712 -0.213700
0.592184 -0.211833
0.592614 -0.210088
0.593004 -0.208471
0.593354 -0.206986
0.593667 -0.205638
0.593944 -0.204431
0.594185 -0.203370
0.594392 -0.202460
0.594568 -0.201704
0.594712 -0.201109
0.594827 -0.200678
0.594913 -0.200413
0.594972 -0.200301
0.595004 -0.200319
0.595012 -0.200448
0.594994 -0.200664
0.594954 -0.200947
0.594890 -0.201276
0.594805 -0.201628
0.594700 -0.201983
0.594574 -0.202319
0.594430 -0.202615
0.594268 -0.202849
0.594089 -0.203000
0.593894 -0.203046
0.593684 -0.202966
0.593460 -0.202741
0.593223 -0.202408
0.592974 -0.202064
0.592713 -0.201809
0.592442 -0.201745
0.592161 -0.201970
0.591873 -0.202587
0.591576 -0.203695
0.591273 -0.205395
0.590965 -0.207738
0.590652 -0.210643
0.590335 -0.214008
0.590015 -0.217733
0.589693 -0.221715
0.589371 -0.225851
0.589049 -0.230042
0.588727 -0.234198
0.588410 -0.238297
0.588099 -0.242342
0.587797 -0.246330
0.587508 -0.250264
0.587233 -0.254143
0.586976 -0.257968
0.586740 -0.261737
0.586527 -0.265453
0.586340 -0.269115
0.586182 -0.272723
0.586056 -0.276278
0.585965 -0.279780
0.585912 -0.283229
0.585898 -0.286625
0.585928 -0.289968
0.586004 -0.293254
0.586129 -0.296473
0.586305 -0.299616
0.586536 -0.302672
0.586823 -0.305632
0.587171 -0.308485
0.587582 -0.311223
0.588059 -0.313835
0.588604 -0.316311
0.589220 -0.318642
