0.588921 -0.207360
0.588573 -0.207483
0.588179 -0.207701
0.587738 -0.208014
0.587253 -0.208422
0.586723 -0.208937
0.586153 -0.209593
0.585545 -0.210428
0.584903 -0.211479
0.584230 -0.212782
0.583529 -0.214377
0.582803 -0.216299
0.582055 -0.218586
0.581289 -0.221269
0.580508 -0.224319
0.579714 -0.227666
0.578912 -0.231243
0.578103 -0.234982
0.577292 -0.238813
0.576482 -0.242670
0.575676 -0.246485
0.574876 -0.250228
0.574086 -0.253903
0.573310 -0.257511
0.572550 -0.261058
0.571810 -0.264545
0.571092 -0.267978
0.570401 -0.271358
0.569738 -0.274691
0.569108 -0.277978
0.568514 -0.281224
0.567958 -0.284432
0.567444 -0.287605
0.566975 -0.290748
0.566554 -0.293863
0.566184 -0.296954
0.565869 -0.300024
0.565616 -0.303073
0.565434 -0.306097
0.565337 -0.309089
0.565335 -0.312044
0.565440 -0.314958
0.565663 -0.317825
0.566016 -0.320640
0.566510 -0.323396
0.567156 -0.326090
0.567966 -0.328716
0.568952 -0.331268
0.570125 -0.333742
0.571496 -0.336131
0.573077 -0.338431
0.574880 -0.340636
0.576914 -0.342741
0.579181 -0.344741
0.581670 -0.346631
0.584371 -0.348405
0.587274 -0.350057
0.590368 -0.351584
0.593643 -0.352978
0.597089 -0.354236
0.600696 -0.355351
0.604454 -0.356319
0.608351 -0.357134
0.612378 -0.357791
0.616525 -0.358285
0.620781 -0.358609
0.625136 -0.358760
0.629578 -0.358731
0.634087 -0.358516
0.638644 -0.358107
0.643230 -0.357497
0.647824 -0.356678
0.652406 -0.355645
0.656958 -0.354389
0.661457 -0.352904
0.665886 -0.351182
0.670224 -0.349216
0.674451 -0.346999
0.678548 -0.344524
0.682494 -0.341784
0.686269 -0.338771
0.689855 -0.335479
0.693230 -0.331899
0.696380 -0.328033
0.699309 -0.323909
0.585761 -0.297271
0.585770 -0.300505
0.585860 -0.303618
0.586034 -0.306591
0.586297 -0.309408
0.586653 -0.312051
0.587106 -0.314507
0.587654 -0.316781
0.588297 -0.318884
0.589033 -0.320825
0.589861 -0.322617
0.590779 -0.324268
0.591786 -0.325791
0.592880 -0.327195
0.594059 -0.328491
0.595323 -0.329690
0.596670 -0.330803
0.598098 -0.331839
0.599606 -0.332809
0.601192 -0.333725
0.602855 -0.334596
0.604593 -0.335433
0.606406 -0.336245
0.608291 -0.337026
0.610246 -0.337769
0.612272 -0.338466
0.614365 -0.339108
0.616525 -0.339687
0.618751 -0.340195
0.621039 -0.340624
0.623390 -0.340965
0.625802 -0.341212
0.628273 -0.341354
0.630801 -0.341385
0.633386 -0.341296
0.636026 -0.341079
0.638719 -0.340726
0.641463 -0.340228
0.644258 -0.339579
0.647098 -0.338775
0.649977 -0.337814
0.652889 -0.336696
0.655830 -0.335418
0.658793 -0.333979
0.661773 -0.332376
0.664763 -0.330610
0.667759 -0.328676
0.670755 -0.326575
0.673745 -0.324304
0.676723 -0.321862
0.679683 -0.319247
0.682621 -0.316458
0.685530 -0.313492
0.688405 -0.310348
0.691240 -0.307028
0.694029 -0.303546
0.696767 -0.299923
0.699447 -0.296178
0.702065 -0.292333
0.704615 -0.288406
0.707091 -0.284418
0.709487 -0.280389
0.711798 -0.276339
0.714018 -0.272289
0.716141 -0.268257
0.718162 -0.264265
0.720075 -0.260332
0.721874 -0.256478
0.723554 -0.252723
0.725110 -0.249097
0.726545 -0.245658
0.727861 -0.242468
0.729060 -0.239592
0.730145 -0.237093
0.731119 -0.235035
0.731983 -0.233481
0.732742 -0.232494
0.733397 -0.232058
0.733951 -0.232046
0.734407 -0.232326
0.734766 -0.232761
0.735033 -0.233219
0.735208 -0.233563
0.735296 -0.233660
0.735298 -0.233384
0.589911 -0.320817
0.590678 -0.322827
0.591526 -0.324663
0.592456 -0.326313
0.593471 -0.327769
0.594574 -0.329024
0.595764 -0.330089
0.597039 -0.330981
0.598397 -0.331716
0.599835 -0.332311
0.601354 -0.332782
0.602949 -0.333145
0.604620 -0.333417
0.606365 -0.333614
0.608181 -0.333753
0.610068 -0.333851
0.612022 -0.333923
0.614043 -0.333986
0.616128 -0.334057
0.618276 -0.334152
0.620484 -0.334288
0.622751 -0.334480
0.625075 -0.334728
0.627454 -0.335014
0.629886 -0.335320
0.632369 -0.335627
0.634902 -0.335915
0.637482 -0.336167
0.640108 -0.336364
0.642778 -0.336487
0.645490 -0.336517
0.648242 -0.336435
0.651032 -0.336223
0.653859 -0.335863
0.656720 -0.335334
0.659613 -0.334620
0.662538 -0.333700
0.665490 -0.332561
0.668463 -0.331206
0.671448 -0.329641
0.674436 -0.327874
0.677420 -0.325912
0.680392 -0.323761
0.683342 -0.321429
0.686262 -0.318922
0.689145 -0.316247
0.691982 -0.313412
0.694764 -0.310423
0.697484 -0.307287
0.700132 -0.304012
0.702701 -0.300603
0.705183 -0.297069
0.707568 -0.293416
0.709854 -0.289660
0.712042 -0.285825
0.714132 -0.281938
0.716126 -0.278023
0.718024 -0.274105
0.719829 -0.270211
0.721542 -0.266364
0.723162 -0.262590
0.724693 -0.258914
0.726135 -0.255362
0.727489 -0.251958
0.728756 -0.248729
0.729938 -0.245698
0.731036 -0.242892
0.732050 -0.240336
0.732983 -0.238048
0.733836 -0.236020
0.734610 -0.234234
0.735306 -0.232670
0.735926 -0.231312
0.736472 -0.230140
0.736945 -0.229137
0.737346 -0.228283
0.737677 -0.227562
0.737939 -0.226954
0.738134 -0.226441
0.738264 -0.226006
0.738329 -0.225629
0.738331 -0.225293
0.738271 -0.224979
0.738152 -0.224672
0.737975 -0.224410
