6.950389999999999624e-01 -4.483920000000000128e-01
6.967160000000000020e-01 -4.510540000000000105e-01
6.984839999999999938e-01 -4.537280000000000202e-01
7.003059999999999841e-01 -4.563409999999999966e-01
7.021469999999999656e-01 -4.588200000000000056e-01
7.039699999999999847e-01 -4.610949999999999771e-01
7.057369999999999477e-01 -4.630929999999999769e-01
7.074249999999999705e-01 -4.647649999999999837e-01
7.090459999999999541e-01 -4.661500000000000088e-01
7.106249999999999512e-01 -4.673089999999999744e-01
7.121859999999999857e-01 -4.683010000000000228e-01
7.137520000000000531e-01 -4.691870000000000207e-01
7.153479999999999839e-01 -4.700259999999999994e-01
7.169969999999999954e-01 -4.708780000000000188e-01
7.187240000000000295e-01 -4.718019999999999992e-01
7.205500000000000238e-01 -4.728029999999999733e-01
7.224930000000000518e-01 -4.738439999999999874e-01
7.245719999999999938e-01 -4.748829999999999996e-01
7.268069999999999808e-01 -4.758809999999999985e-01
7.292159999999999753e-01 -4.767970000000000264e-01
7.318179999999999685e-01 -4.775909999999999878e-01
7.346310000000000340e-01 -4.782219999999999804e-01
7.376749999999999696e-01 -4.786509999999999931e-01
7.409679999999999600e-01 -4.788540000000000019e-01
7.445289999999999964e-01 -4.788209999999999966e-01
7.483779999999999877e-01 -4.785449999999999982e-01
7.525319999999999787e-01 -4.780190000000000272e-01
7.570120000000000182e-01 -4.772339999999999915e-01
7.618340000000000112e-01 -4.761839999999999962e-01
7.670190000000000063e-01 -4.748589999999999756e-01
7.725570000000000492e-01 -4.732620000000000160e-01
7.783060000000000533e-01 -4.714369999999999949e-01
7.840899999999999537e-01 -4.694409999999999972e-01
7.897309999999999608e-01 -4.673309999999999964e-01
7.950760000000000050e-01 -4.651620000000000199e-01
8.000979999999999759e-01 -4.629920000000000146e-01
8.048070000000000501e-01 -4.608769999999999811e-01
8.092139999999999889e-01 -4.588729999999999754e-01
8.133399999999999519e-01 -4.570150000000000046e-01
8.172530000000000072e-01 -4.552329999999999988e-01
8.210359999999999880e-01 -4.534299999999999997e-01
8.247700000000000031e-01 -4.515080000000000204e-01
8.285369999999999679e-01 -4.493710000000000204e-01
8.324200000000000488e-01 -4.469219999999999859e-01
8.365000000000000213e-01 -4.440620000000000123e-01
8.408590000000000231e-01 -4.406959999999999766e-01
8.455660000000000398e-01 -4.367409999999999903e-01
8.506040000000000267e-01 -4.322059999999999791e-01
8.559259999999999646e-01 -4.271360000000000157e-01
8.614870000000000028e-01 -4.215749999999999775e-01
8.672379999999999534e-01 -4.155670000000000197e-01
8.731339999999999657e-01 -4.091549999999999909e-01
8.791269999999999918e-01 -4.023840000000000194e-01
8.851710000000000411e-01 -3.952970000000000095e-01
8.912179999999999547e-01 -3.879389999999999783e-01
8.972250000000000503e-01 -3.803529999999999966e-01
9.031449999999999756e-01 -3.725840000000000263e-01
9.089350000000000485e-01 -3.646750000000000269e-01
9.145499999999999741e-01 -3.566710000000000158e-01
9.199460000000000415e-01 -3.486150000000000082e-01
9.250770000000000381e-01 -3.405509999999999926e-01
9.298999999999999488e-01 -3.325230000000000130e-01
9.343949999999999756e-01 -3.245629999999999904e-01
9.385820000000000274e-01 -3.166869999999999963e-01
9.424829999999999597e-01 -3.089080000000000159e-01
9.461190000000000433e-01 -3.012400000000000078e-01
9.495139999999999691e-01 -2.936949999999999839e-01
9.526890000000000081e-01 -2.862890000000000157e-01
9.556660000000000155e-01 -2.790329999999999755e-01
9.584679999999999866e-01 -2.719429999999999903e-01
9.611169999999999991e-01 -2.650080000000000213e-01
9.636339999999999906e-01 -2.581749999999999878e-01
9.660429999999999851e-01 -2.513859999999999983e-01
9.683650000000000313e-01 -2.445799999999999919e-01
9.706230000000000135e-01 -2.376989999999999936e-01
9.728379999999999805e-01 -2.306840000000000002e-01
9.750330000000000386e-01 -2.234750000000000070e-01
9.772269999999999568e-01 -2.160229999999999928e-01
9.794150000000000356e-01 -2.083490000000000064e-01
9.815810000000000368e-01 -2.005119999999999958e-01
9.837069999999999981e-01 -1.925699999999999912e-01
9.857770000000000143e-01 -1.845829999999999971e-01
9.877719999999999834e-01 -1.766089999999999882e-01
9.896770000000000289e-01 -1.687059999999999949e-01
9.914739999999999664e-01 -1.609339999999999937e-01
9.931470000000000020e-01 -1.533470000000000111e-01
9.946770000000000334e-01 -1.459439999999999904e-01
9.960480000000000445e-01 -1.386819999999999997e-01
9.972440000000000193e-01 -1.315139999999999920e-01
9.982459999999999667e-01 -1.243950000000000056e-01
9.990379999999999816e-01 -1.172809999999999964e-01
9.996040000000000481e-01 -1.101260000000000017e-01
9.999249999999999527e-01 -1.028850000000000042e-01
1.000000000000000000e+00 -9.555299999999999905e-02
9.998489999999999878e-01 -8.819100000000000550e-02
9.994969999999999688e-01 -8.086699999999999444e-02
9.989660000000000206e-01 -7.365099999999999425e-02
9.982809999999999739e-01 -6.661000000000000254e-02
9.974650000000000460e-01 -5.981299999999999811e-02
9.965420000000000389e-01 -5.332800000000000040e-02
9.955359999999999765e-01 -4.722400000000000209e-02
9.944699999999999651e-01 -4.156200000000000172e-02
9.933680000000000287e-01 -3.638600000000000168e-02
9.922539999999999694e-01 -3.173700000000000132e-02
9.911510000000000042e-01 -2.765300000000000050e-02
9.900839999999999641e-01 -2.417599999999999957e-02
9.890750000000000375e-01 -2.134600000000000039e-02
9.881490000000000551e-01 -1.920300000000000132e-02
9.873279999999999834e-01 -1.777899999999999966e-02
9.866049999999999542e-01 -1.700399999999999828e-02
9.859609999999999763e-01 -1.674399999999999847e-02
9.853709999999999969e-01 -1.685999999999999999e-02
9.848160000000000247e-01 -1.721400000000000013e-02
9.842710000000000070e-01 -1.766900000000000068e-02
9.837160000000000348e-01 -1.808699999999999891e-02
9.831269999999999731e-01 -1.833100000000000007e-02
9.824840000000000240e-01 -1.827300000000000105e-02
9.817620000000000235e-01 -1.790599999999999831e-02
9.809409999999999519e-01 -1.729800000000000088e-02
9.799989999999999535e-01 -1.651800000000000143e-02
9.789120000000000044e-01 -1.563900000000000012e-02
9.776589999999999447e-01 -1.472799999999999977e-02
9.762180000000000302e-01 -1.385699999999999953e-02
9.745660000000000434e-01 -1.309600000000000000e-02
9.726890000000000258e-01 -1.250000000000000069e-02
9.705939999999999568e-01 -1.207699999999999919e-02
9.682929999999999593e-01 -1.182700000000000071e-02
9.657989999999999631e-01 -1.174700000000000050e-02
9.631239999999999801e-01 -1.183700000000000030e-02
9.602789999999999937e-01 -1.209600000000000085e-02
9.572779999999999623e-01 -1.252200000000000014e-02
9.541330000000000089e-01 -1.311400000000000066e-02
9.508550000000000058e-01 -1.387099999999999965e-02
9.474569999999999936e-01 -1.479100000000000033e-02
9.439509999999999845e-01 -1.587399999999999922e-02
9.403500000000000192e-01 -1.711899999999999880e-02
9.366659999999999986e-01 -1.852300000000000127e-02
9.329100000000000170e-01 -2.008599999999999969e-02
9.290950000000000042e-01 -2.180599999999999900e-02
9.252340000000000009e-01 -2.368299999999999919e-02
9.213419999999999943e-01 -2.571499999999999828e-02
9.174350000000000005e-01 -2.790099999999999872e-02
9.135320000000000107e-01 -3.023999999999999952e-02
9.096480000000000121e-01 -3.273100000000000315e-02
9.058009999999999673e-01 -3.537099999999999966e-02
9.020080000000000320e-01 -3.816100000000000048e-02
8.982860000000000289e-01 -4.109800000000000259e-02
8.946509999999999740e-01 -4.418300000000000005e-02
8.911219999999999697e-01 -4.741200000000000275e-02
8.877140000000000031e-01 -5.078599999999999781e-02
8.844459999999999544e-01 -5.430299999999999710e-02
8.813339999999999508e-01 -5.796199999999999963e-02
8.783940000000000081e-01 -6.176100000000000340e-02
8.756450000000000067e-01 -6.569999999999999452e-02
8.731029999999999625e-01 -6.977700000000000569e-02
8.707780000000000520e-01 -7.399400000000000421e-02
8.686610000000000165e-01 -7.836300000000000210e-02
8.667420000000000124e-01 -8.289399999999999546e-02
8.650130000000000319e-01 -8.759899999999999631e-02
8.634619999999999518e-01 -9.248900000000000177e-02
8.620790000000000397e-01 -9.757599999999999607e-02
8.608550000000000368e-01 -1.028720000000000051e-01
8.597789999999999599e-01 -1.083879999999999982e-01
8.588409999999999656e-01 -1.141350000000000003e-01
8.580309999999999881e-01 -1.201249999999999957e-01
8.573399999999999910e-01 -1.263700000000000101e-01
8.567559999999999620e-01 -1.328809999999999991e-01
8.562699999999999756e-01 -1.396699999999999886e-01
8.558719999999999661e-01 -1.467469999999999886e-01
8.555509999999999504e-01 -1.541250000000000120e-01
8.552990000000000315e-01 -1.618090000000000084e-01
8.551079999999999792e-01 -1.697369999999999990e-01
8.549719999999999542e-01 -1.778129999999999988e-01
8.548890000000000100e-01 -1.859419999999999962e-01
8.548510000000000275e-01 -1.940270000000000050e-01
8.548540000000000028e-01 -2.019710000000000116e-01
8.548940000000000428e-01 -2.096770000000000023e-01
8.549649999999999750e-01 -2.170509999999999939e-01
8.550619999999999887e-01 -2.240020000000000067e-01
8.551800000000000512e-01 -2.305550000000000099e-01
8.553140000000000187e-01 -2.368129999999999957e-01
8.554599999999999982e-01 -2.428819999999999868e-01
8.556110000000000104e-01 -2.488660000000000039e-01
8.557639999999999691e-01 -2.548710000000000142e-01
8.559130000000000349e-01 -2.610029999999999850e-01
8.560529999999999529e-01 -2.673659999999999926e-01
8.561830000000000274e-01 -2.740299999999999958e-01
8.563159999999999661e-01 -2.809670000000000223e-01
8.564659999999999496e-01 -2.881360000000000032e-01
8.566449999999999898e-01 -2.954939999999999789e-01
8.568679999999999630e-01 -3.029999999999999916e-01
8.571469999999999922e-01 -3.106119999999999992e-01
8.574979999999999825e-01 -3.182880000000000154e-01
8.579329999999999457e-01 -3.259850000000000247e-01
8.584659999999999513e-01 -3.336629999999999874e-01
8.591119999999999868e-01 -3.412780000000000258e-01
8.598820000000000352e-01 -3.487899999999999889e-01
8.607920000000000016e-01 -3.561549999999999994e-01
8.618540000000000090e-01 -3.633330000000000171e-01
8.630830000000000446e-01 -3.702799999999999980e-01
8.644929999999999559e-01 -3.769560000000000133e-01
8.660949999999999482e-01 -3.833210000000000228e-01
8.678869999999999640e-01 -3.893780000000000019e-01
8.698489999999999833e-01 -3.951749999999999985e-01
8.719620000000000148e-01 -4.007629999999999804e-01
8.742060000000000386e-01 -4.061899999999999955e-01
8.765600000000000058e-01 -4.115070000000000117e-01
8.790050000000000363e-01 -4.167640000000000233e-01
8.815199999999999703e-01 -4.220090000000000230e-01
8.840860000000000385e-01 -4.272880000000000011e-01
8.866829999999999989e-01 -4.325689999999999813e-01
8.892910000000000537e-01 -4.377429999999999932e-01
8.918899999999999606e-01 -4.426979999999999804e-01
8.944600000000000328e-01 -4.473219999999999974e-01
8.969810000000000283e-01 -4.515029999999999877e-01
8.994330000000000380e-01 -4.551310000000000078e-01
9.017960000000000420e-01 -4.580940000000000012e-01
9.040559999999999707e-01 -4.603260000000000129e-01
9.062139999999999640e-01 -4.619059999999999833e-01
9.082740000000000258e-01 -4.629380000000000162e-01
9.102409999999999668e-01 -4.635239999999999916e-01
9.121190000000000131e-01 -4.637689999999999868e-01
9.139129999999999754e-01 -4.637769999999999948e-01
9.156269999999999687e-01 -4.636520000000000086e-01
9.172649999999999970e-01 -4.634960000000000191e-01
9.188319999999999821e-01 -4.633920000000000261e-01
9.203329999999999567e-01 -4.633439999999999781e-01
9.217710000000000070e-01 -4.633380000000000276e-01
9.231510000000000549e-01 -4.633630000000000249e-01
9.244780000000000220e-01 -4.634059999999999846e-01
9.257560000000000233e-01 -4.634539999999999771e-01
9.269889999999999519e-01 -4.634960000000000191e-01
9.281840000000000090e-01 -4.635190000000000143e-01
9.293719999999999759e-01 -4.635029999999999983e-01
9.306039999999999868e-01 -4.634260000000000046e-01
9.319290000000000074e-01 -4.632640000000000091e-01
9.333979999999999499e-01 -4.629960000000000186e-01
9.350610000000000310e-01 -4.625980000000000092e-01
9.369690000000000518e-01 -4.620469999999999855e-01
9.391709999999999781e-01 -4.613200000000000078e-01
9.417130000000000223e-01 -4.603970000000000007e-01
9.445729999999999960e-01 -4.592890000000000028e-01
9.476710000000000411e-01 -4.580330000000000235e-01
9.509269999999999667e-01 -4.566680000000000184e-01
9.542599999999999971e-01 -4.552329999999999988e-01
9.575900000000000523e-01 -4.537669999999999759e-01
9.608360000000000234e-01 -4.523059999999999858e-01
9.639180000000000526e-01 -4.508909999999999862e-01
9.667729999999999935e-01 -4.495509999999999784e-01
9.693979999999999819e-01 -4.482909999999999950e-01
9.717999999999999972e-01 -4.471080000000000054e-01
9.739910000000000512e-01 -4.460009999999999808e-01
9.759790000000000409e-01 -4.449679999999999747e-01
9.777730000000000032e-01 -4.440060000000000118e-01
9.793830000000000036e-01 -4.431140000000000079e-01
9.808189999999999964e-01 -4.422889999999999877e-01
9.820889999999999898e-01 -4.415299999999999780e-01
9.832030000000000491e-01 -4.408349999999999769e-01
9.841699999999999893e-01 -4.402019999999999822e-01
9.849999999999999867e-01 -4.396280000000000188e-01
9.857019999999999671e-01 -4.391129999999999756e-01
9.862840000000000495e-01 -4.386530000000000151e-01
9.867580000000000240e-01 -4.382469999999999977e-01
9.871320000000000094e-01 -4.378929999999999767e-01
9.874140000000000139e-01 -4.375890000000000057e-01
9.876160000000000494e-01 -4.373330000000000273e-01
9.877449999999999841e-01 -4.371229999999999838e-01
9.878120000000000234e-01 -4.369560000000000111e-01
9.878249999999999531e-01 -4.368330000000000268e-01
9.877949999999999786e-01 -4.367489999999999983e-01
9.877289999999999681e-01 -4.367030000000000078e-01
9.876390000000000446e-01 -4.366929999999999978e-01
9.875319999999999654e-01 -4.367179999999999951e-01
9.874190000000000467e-01 -4.367750000000000243e-01
9.873079999999999634e-01 -4.368619999999999726e-01
9.872090000000000032e-01 -4.369770000000000043e-01
9.871320000000000094e-01 -4.371189999999999798e-01
9.870849999999999902e-01 -4.372849999999999793e-01
9.870790000000000397e-01 -4.374730000000000008e-01
8.000059999999999949e-01 -4.558920000000000194e-01
8.043299999999999894e-01 -4.530379999999999963e-01
8.086689999999999712e-01 -4.500879999999999881e-01
8.130129999999999857e-01 -4.470700000000000229e-01
8.173500000000000210e-01 -4.440149999999999930e-01
8.216710000000000402e-01 -4.409520000000000106e-01
8.259659999999999780e-01 -4.379089999999999927e-01
8.302230000000000443e-01 -4.349180000000000268e-01
8.344319999999999515e-01 -4.320060000000000011e-01
8.385839999999999961e-01 -4.292039999999999744e-01
8.426660000000000261e-01 -4.265399999999999747e-01
8.466700000000000337e-01 -4.240450000000000053e-01
8.505840000000000067e-01 -4.217469999999999830e-01
8.543990000000000196e-01 -4.196759999999999935e-01
8.581090000000000106e-01 -4.178430000000000200e-01
8.617409999999999792e-01 -4.161590000000000011e-01
8.653300000000000436e-01 -4.145079999999999876e-01
8.689130000000000464e-01 -4.127709999999999990e-01
8.725239999999999663e-01 -4.108299999999999730e-01
8.762010000000000076e-01 -4.085679999999999867e-01
8.799780000000000380e-01 -4.058660000000000045e-01
8.838909999999999823e-01 -4.026069999999999927e-01
8.879439999999999555e-01 -3.987569999999999726e-01
8.920829999999999593e-01 -3.944440000000000168e-01
8.962430000000000119e-01 -3.898130000000000206e-01
9.003640000000000532e-01 -3.850109999999999921e-01
9.043820000000000192e-01 -3.801829999999999932e-01
9.082339999999999858e-01 -3.754770000000000052e-01
9.118589999999999751e-01 -3.710379999999999789e-01
9.151939999999999520e-01 -3.670100000000000029e-01
9.182230000000000114e-01 -3.634299999999999753e-01
9.209800000000000209e-01 -3.602069999999999994e-01
9.235079999999999956e-01 -3.572389999999999732e-01
9.258440000000000003e-01 -3.544269999999999921e-01
9.280289999999999928e-01 -3.516699999999999826e-01
9.301030000000000131e-01 -3.488669999999999827e-01
9.321059999999999901e-01 -3.459189999999999765e-01
9.340749999999999886e-01 -3.427299999999999791e-01
9.360239999999999672e-01 -3.392800000000000260e-01
9.379450000000000287e-01 -3.356029999999999847e-01
9.398330000000000295e-01 -3.317350000000000021e-01
9.416809999999999903e-01 -3.277089999999999725e-01
9.434839999999999893e-01 -3.235620000000000163e-01
9.452340000000000186e-01 -3.193289999999999740e-01
9.469250000000000167e-01 -3.150439999999999907e-01
9.485519999999999508e-01 -3.107380000000000142e-01
9.501159999999999606e-01 -3.064040000000000097e-01
9.516240000000000254e-01 -3.020209999999999839e-01
9.530800000000000383e-01 -2.975659999999999972e-01
9.544899999999999496e-01 -2.930150000000000254e-01
9.558579999999999854e-01 -2.883470000000000200e-01
9.571910000000000140e-01 -2.835380000000000122e-01
9.584930000000000394e-01 -2.785659999999999803e-01
9.597700000000000120e-01 -2.734199999999999964e-01
9.610269999999999646e-01 -2.681299999999999795e-01
9.622699999999999587e-01 -2.627399999999999736e-01
9.635029999999999983e-01 -2.572900000000000187e-01
9.647310000000000052e-01 -2.518239999999999923e-01
9.659609999999999586e-01 -2.463829999999999909e-01
9.671980000000000022e-01 -2.410110000000000030e-01
9.684460000000000290e-01 -2.357489999999999863e-01
9.697090000000000432e-01 -2.306509999999999949e-01
9.709809999999999830e-01 -2.258060000000000067e-01
9.722570000000000379e-01 -2.213060000000000027e-01
9.735300000000000065e-01 -2.172459999999999947e-01
9.747959999999999958e-01 -2.136560000000000126e-01
9.760469999999999979e-01 -2.102940000000000087e-01
9.772779999999999800e-01 -2.068450000000000011e-01
9.784829999999999917e-01 -2.029940000000000078e-01
9.796570000000000000e-01 -1.986090000000000078e-01
9.807979999999999476e-01 -1.938680000000000125e-01
9.819029999999999703e-01 -1.889790000000000081e-01
9.829700000000000104e-01 -1.841490000000000071e-01
9.839970000000000105e-01 -1.795249999999999901e-01
9.849799999999999667e-01 -1.750879999999999936e-01
9.859179999999999611e-01 -1.707930000000000004e-01
9.868090000000000472e-01 -1.665949999999999931e-01
9.876519999999999744e-01 -1.624510000000000121e-01
9.884490000000000220e-01 -1.583179999999999865e-01
9.892030000000000545e-01 -1.541549999999999865e-01
9.899160000000000181e-01 -1.499199999999999977e-01
9.905890000000000528e-01 -1.455720000000000069e-01
9.912260000000000515e-01 -1.410679999999999990e-01
9.918289999999999607e-01 -1.363679999999999892e-01
9.923990000000000311e-01 -1.314319999999999933e-01
9.929400000000000448e-01 -1.262780000000000014e-01
9.934520000000000017e-01 -1.209609999999999991e-01
9.939390000000000169e-01 -1.155349999999999988e-01
9.944030000000000369e-01 -1.100560000000000010e-01
9.948460000000000081e-01 -1.045790000000000053e-01
9.952699999999999880e-01 -9.915899999999999714e-02
9.956770000000000342e-01 -9.385200000000000486e-02
9.960689999999999822e-01 -8.870799999999999519e-02
9.964439999999999964e-01 -8.373700000000000587e-02
9.967970000000000441e-01 -7.893300000000000316e-02
9.971240000000000103e-01 -7.428800000000000681e-02
9.974189999999999445e-01 -6.979499999999999593e-02
9.976789999999999825e-01 -6.544800000000000617e-02
9.979000000000000092e-01 -6.124000000000000277e-02
9.980759999999999632e-01 -5.716299999999999853e-02
9.982029999999999514e-01 -5.321599999999999941e-02
9.982769999999999699e-01 -4.941399999999999959e-02
9.982929999999999859e-01 -4.577699999999999825e-02
9.982469999999999954e-01 -4.232500000000000151e-02
9.981339999999999657e-01 -3.907800000000000162e-02
9.979489999999999750e-01 -3.605499999999999677e-02
9.976899999999999658e-01 -3.327499999999999902e-02
9.973499999999999588e-01 -3.075900000000000162e-02
9.969249999999999501e-01 -2.850899999999999962e-02
9.964110000000000467e-01 -2.650800000000000031e-02
9.958040000000000225e-01 -2.473699999999999857e-02
9.950980000000000381e-01 -2.317500000000000115e-02
9.942900000000000071e-01 -2.180500000000000146e-02
9.933750000000000080e-01 -2.060599999999999932e-02
9.923480000000000079e-01 -1.955799999999999900e-02
9.912050000000000027e-01 -1.864299999999999985e-02
9.899419999999999886e-01 -1.784200000000000022e-02
9.885540000000000438e-01 -1.713299999999999892e-02
9.870360000000000245e-01 -1.649899999999999978e-02
9.853849999999999554e-01 -1.592000000000000012e-02
9.835949999999999971e-01 -1.537700000000000004e-02
9.816620000000000346e-01 -1.484899999999999935e-02
9.795819999999999528e-01 -1.431800000000000087e-02
9.773450000000000193e-01 -1.376699999999999972e-02
9.749020000000000463e-01 -1.320499999999999972e-02
9.721809999999999619e-01 -1.265400000000000032e-02
9.691119999999999735e-01 -1.213599999999999922e-02
9.656289999999999596e-01 -1.167100000000000082e-02
9.617719999999999603e-01 -1.128400000000000063e-02
9.576689999999999925e-01 -1.099400000000000030e-02
9.534529999999999950e-01 -1.082400000000000029e-02
9.492410000000000014e-01 -1.079600000000000004e-02
9.450549999999999784e-01 -1.093200000000000074e-02
9.408760000000000456e-01 -1.125300000000000085e-02
9.366879999999999651e-01 -1.178200000000000081e-02
9.324740000000000251e-01 -1.254000000000000080e-02
9.282169999999999588e-01 -1.354799999999999928e-02
9.238979999999999970e-01 -1.482999999999999943e-02
9.195020000000000415e-01 -1.640600000000000044e-02
9.150300000000000100e-01 -1.828700000000000117e-02
9.105499999999999705e-01 -2.044299999999999937e-02
9.061449999999999783e-01 -2.283500000000000113e-02
9.018960000000000310e-01 -2.542300000000000115e-02
8.978679999999999994e-01 -2.817199999999999913e-02
8.940590000000000481e-01 -3.105099999999999874e-02
8.904499999999999638e-01 -3.403199999999999975e-02
8.870209999999999484e-01 -3.708999999999999797e-02
8.837709999999999733e-01 -4.021399999999999975e-02
8.807260000000000089e-01 -4.342300000000000326e-02
8.779109999999999969e-01 -4.673999999999999683e-02
8.753530000000000477e-01 -5.018600000000000144e-02
8.730790000000000495e-01 -5.378100000000000241e-02
8.711170000000000302e-01 -5.754800000000000193e-02
8.694929999999999604e-01 -6.150699999999999917e-02
8.682309999999999750e-01 -6.568300000000000527e-02
8.673089999999999966e-01 -7.013700000000000490e-02
8.666679999999999939e-01 -7.496500000000000385e-02
8.662419999999999565e-01 -8.026400000000000201e-02
8.659700000000000175e-01 -8.612400000000000611e-02
8.657880000000000020e-01 -9.250200000000000089e-02
8.656340000000000146e-01 -9.922300000000000564e-02
8.654429999999999623e-01 -1.061060000000000059e-01
8.651619999999999866e-01 -1.129809999999999981e-01
8.647890000000000299e-01 -1.197539999999999993e-01
8.643429999999999724e-01 -1.263589999999999991e-01
8.638460000000000027e-01 -1.327319999999999889e-01
8.633170000000000011e-01 -1.388070000000000137e-01
8.627770000000000161e-01 -1.445200000000000096e-01
8.622459999999999569e-01 -1.498049999999999937e-01
8.617439999999999545e-01 -1.545970000000000122e-01
8.612880000000000535e-01 -1.588970000000000105e-01
8.608789999999999498e-01 -1.629700000000000037e-01
8.605150000000000299e-01 -1.671459999999999890e-01
8.601940000000000142e-01 -1.717519999999999880e-01
8.599130000000000384e-01 -1.770579999999999932e-01
8.596700000000000452e-01 -1.829909999999999870e-01
8.594640000000000057e-01 -1.893579999999999985e-01
8.592919999999999447e-01 -1.959650000000000003e-01
8.591509999999999980e-01 -2.026529999999999998e-01
8.590400000000000258e-01 -2.093339999999999923e-01
8.589560000000000528e-01 -2.159310000000000118e-01
8.588970000000000216e-01 -2.223650000000000071e-01
8.588609999999999856e-01 -2.285580000000000112e-01
8.588459999999999983e-01 -2.344330000000000025e-01
8.588489999999999736e-01 -2.399110000000000131e-01
8.588679999999999648e-01 -2.449179999999999968e-01
8.589010000000000256e-01 -2.494860000000000133e-01
8.589449999999999585e-01 -2.537659999999999916e-01
8.589970000000000105e-01 -2.579150000000000054e-01
8.590539999999999843e-01 -2.620879999999999876e-01
8.591130000000000155e-01 -2.664429999999999854e-01
8.591710000000000180e-01 -2.711359999999999881e-01
8.592260000000000453e-01 -2.763240000000000141e-01
8.592739999999999823e-01 -2.821480000000000099e-01
8.593119999999999647e-01 -2.885360000000000147e-01
8.593380000000000463e-01 -2.952670000000000017e-01
8.593490000000000295e-01 -3.021150000000000224e-01
8.593420000000000503e-01 -3.088589999999999947e-01
8.593129999999999935e-01 -3.153630000000000044e-01
8.592610000000000525e-01 -3.215620000000000145e-01
8.591809999999999725e-01 -3.273949999999999916e-01
8.590740000000000043e-01 -3.328150000000000275e-01
8.589499999999999913e-01 -3.378760000000000097e-01
8.588259999999999783e-01 -3.426699999999999746e-01
8.587179999999999813e-01 -3.472879999999999856e-01
8.586420000000000163e-01 -3.518240000000000256e-01
8.586139999999999883e-01 -3.563689999999999913e-01
8.586510000000000531e-01 -3.610160000000000036e-01
8.587700000000000333e-01 -3.658580000000000165e-01
8.589849999999999985e-01 -3.709419999999999940e-01
8.593140000000000223e-01 -3.761769999999999836e-01
8.597730000000000095e-01 -3.814449999999999785e-01
8.603769999999999474e-01 -3.866290000000000004e-01
8.611450000000000493e-01 -3.916120000000000156e-01
8.620900000000000230e-01 -3.962740000000000151e-01
8.632309999999999706e-01 -4.005000000000000226e-01
8.645829999999999904e-01 -4.041710000000000025e-01
8.661379999999999635e-01 -4.072439999999999949e-01
8.678479999999999528e-01 -4.098029999999999728e-01
8.696620000000000461e-01 -4.119410000000000016e-01
8.715279999999999694e-01 -4.137540000000000107e-01
8.733929999999999749e-01 -4.153379999999999850e-01
8.752060000000000395e-01 -4.167870000000000186e-01
8.769139999999999713e-01 -4.181969999999999854e-01
8.784739999999999771e-01 -4.196579999999999755e-01
8.799519999999999564e-01 -4.211949999999999861e-01
8.815100000000000158e-01 -4.227819999999999911e-01
8.833079999999999821e-01 -4.243870000000000142e-01
8.855049999999999866e-01 -4.259820000000000273e-01
8.881109999999999838e-01 -4.275360000000000271e-01
8.909799999999999942e-01 -4.290209999999999857e-01
8.939550000000000551e-01 -4.304060000000000108e-01
8.968840000000000146e-01 -4.316650000000000209e-01
8.996549999999999825e-01 -4.327929999999999833e-01
9.021700000000000275e-01 -4.337980000000000169e-01
9.043350000000000000e-01 -4.346880000000000188e-01
9.060719999999999885e-01 -4.354689999999999950e-01
9.074929999999999941e-01 -4.361499999999999821e-01
9.088119999999999532e-01 -4.367369999999999863e-01
9.102479999999999460e-01 -4.372389999999999888e-01
9.119730000000000336e-01 -4.376630000000000242e-01
9.139859999999999651e-01 -4.380160000000000164e-01
9.162430000000000296e-01 -4.383070000000000022e-01
9.186969999999999859e-01 -4.385419999999999874e-01
9.213040000000000118e-01 -4.387280000000000069e-01
9.240180000000000060e-01 -4.388750000000000151e-01
9.267940000000000067e-01 -4.389879999999999893e-01
9.295860000000000234e-01 -4.390760000000000218e-01
9.323660000000000281e-01 -4.391410000000000036e-01
9.351369999999999960e-01 -4.391749999999999821e-01
9.379089999999999927e-01 -4.391680000000000028e-01
9.406889999999999974e-01 -4.391100000000000003e-01
9.434879999999999933e-01 -4.389919999999999933e-01
9.463129999999999598e-01 -4.388029999999999986e-01
9.491739999999999622e-01 -4.385350000000000081e-01
9.520790000000000086e-01 -4.381780000000000119e-01
9.550400000000000000e-01 -4.377210000000000267e-01
9.580699999999999772e-01 -4.371559999999999890e-01
9.611830000000000096e-01 -4.364720000000000266e-01
9.643939999999999735e-01 -4.356590000000000185e-01
9.677170000000000494e-01 -4.347090000000000121e-01
9.711659999999999737e-01 -4.336110000000000242e-01
9.747559999999999558e-01 -4.323549999999999893e-01
9.784950000000000037e-01 -4.309350000000000125e-01
9.823140000000000205e-01 -4.293919999999999959e-01
9.860799999999999566e-01 -4.278029999999999888e-01
9.896559999999999802e-01 -4.262489999999999890e-01
9.929080000000000128e-01 -4.248089999999999922e-01
9.957000000000000295e-01 -4.235619999999999941e-01
9.978960000000000052e-01 -4.225889999999999924e-01
9.993630000000000013e-01 -4.219689999999999830e-01
1.000000000000000000e+00 -4.217609999999999970e-01
9.999550000000000383e-01 -4.218839999999999812e-01
9.994739999999999736e-01 -4.222009999999999930e-01
9.988040000000000251e-01 -4.225740000000000052e-01
9.981940000000000257e-01 -4.228669999999999929e-01
9.978890000000000260e-01 -4.229419999999999846e-01
9.981379999999999697e-01 -4.226599999999999802e-01
9.991870000000000474e-01 -4.218859999999999832e-01
6.933359999999999523e-01 -4.687120000000000175e-01
6.939450000000000340e-01 -4.693860000000000254e-01
6.945620000000000127e-01 -4.700280000000000014e-01
6.952070000000000194e-01 -4.706370000000000275e-01
6.958980000000000166e-01 -4.712100000000000177e-01
6.966539999999999955e-01 -4.717439999999999967e-01
6.974939999999999474e-01 -4.722390000000000199e-01
6.984369999999999745e-01 -4.726920000000000011e-01
6.995029999999999859e-01 -4.731009999999999938e-01
7.007100000000000550e-01 -4.734639999999999960e-01
7.020769999999999511e-01 -4.737779999999999769e-01
7.036229999999999984e-01 -4.740429999999999922e-01
7.053669999999999662e-01 -4.742549999999999821e-01
7.073289999999999855e-01 -4.744129999999999736e-01
7.095200000000000395e-01 -4.745139999999999914e-01
7.119349999999999845e-01 -4.745579999999999798e-01
7.145639999999999770e-01 -4.745400000000000174e-01
7.173979999999999801e-01 -4.744610000000000216e-01
7.204260000000000108e-01 -4.743160000000000154e-01
7.236390000000000322e-01 -4.741049999999999986e-01
7.270290000000000363e-01 -4.738260000000000249e-01
7.305840000000000112e-01 -4.734749999999999792e-01
7.342969999999999775e-01 -4.730519999999999725e-01
7.381560000000000343e-01 -4.725550000000000028e-01
7.421529999999999516e-01 -4.719800000000000106e-01
7.462779999999999969e-01 -4.713260000000000227e-01
7.505209999999999937e-01 -4.705920000000000103e-01
7.548730000000000162e-01 -4.697740000000000249e-01
7.593239999999999990e-01 -4.688720000000000110e-01
7.638700000000000490e-01 -4.678820000000000201e-01
7.685300000000000464e-01 -4.668030000000000235e-01
7.733389999999999986e-01 -4.656310000000000171e-01
7.783290000000000486e-01 -4.643650000000000277e-01
7.835259999999999447e-01 -4.630009999999999959e-01
7.888840000000000297e-01 -4.615369999999999751e-01
7.943120000000000180e-01 -4.599699999999999900e-01
7.997189999999999577e-01 -4.582979999999999832e-01
8.050289999999999946e-01 -4.565179999999999794e-01
8.102129999999999610e-01 -4.546279999999999766e-01
8.152580000000000382e-01 -4.526240000000000263e-01
8.201479999999999881e-01 -4.505049999999999888e-01
8.248689999999999634e-01 -4.482670000000000265e-01
8.294059999999999766e-01 -4.459089999999999998e-01
8.337459999999999871e-01 -4.434259999999999868e-01
8.378729999999999789e-01 -4.408179999999999876e-01
8.417799999999999727e-01 -4.380830000000000002e-01
8.454829999999999846e-01 -4.352260000000000018e-01
8.489999999999999769e-01 -4.322559999999999736e-01
8.523479999999999945e-01 -4.291769999999999752e-01
8.555460000000000287e-01 -4.259959999999999858e-01
8.586120000000000418e-01 -4.227199999999999847e-01
8.615629999999999677e-01 -4.193560000000000065e-01
8.644190000000000484e-01 -4.159089999999999732e-01
8.671959999999999669e-01 -4.123859999999999748e-01
8.699139999999999651e-01 -4.087939999999999907e-01
8.725899999999999768e-01 -4.051390000000000269e-01
8.752419999999999645e-01 -4.014280000000000070e-01
8.778880000000000017e-01 -3.976660000000000195e-01
8.805469999999999686e-01 -3.938619999999999899e-01
8.832370000000000498e-01 -3.900199999999999778e-01
8.859740000000000393e-01 -3.861470000000000180e-01
8.887669999999999737e-01 -3.822450000000000014e-01
8.916060000000000096e-01 -3.783090000000000064e-01
8.944830000000000281e-01 -3.743310000000000248e-01
8.973889999999999922e-01 -3.703080000000000260e-01
9.003149999999999764e-01 -3.662329999999999752e-01
9.032520000000000548e-01 -3.620999999999999774e-01
9.061909999999999688e-01 -3.579030000000000267e-01
9.091230000000000144e-01 -3.536380000000000079e-01
9.120399999999999618e-01 -3.492910000000000181e-01
9.149310000000000498e-01 -3.448439999999999839e-01
9.177889999999999660e-01 -3.402780000000000249e-01
9.206039999999999779e-01 -3.355739999999999834e-01
9.233670000000000488e-01 -3.307120000000000060e-01
9.260699999999999488e-01 -3.256740000000000190e-01
9.287029999999999452e-01 -3.204409999999999759e-01
9.312580000000000302e-01 -3.149950000000000250e-01
9.337320000000000064e-01 -3.093679999999999763e-01
9.361270000000000424e-01 -3.036429999999999962e-01
9.384479999999999489e-01 -2.979020000000000001e-01
9.406970000000000054e-01 -2.922299999999999898e-01
9.428779999999999939e-01 -2.867109999999999936e-01
9.449940000000000007e-01 -2.814289999999999847e-01
9.470480000000000009e-01 -2.764679999999999915e-01
9.490429999999999700e-01 -2.718999999999999750e-01
9.509830000000000227e-01 -2.676700000000000190e-01
9.528710000000000235e-01 -2.636569999999999747e-01
9.547099999999999476e-01 -2.597360000000000224e-01
9.565040000000000209e-01 -2.557829999999999826e-01
9.582559999999999967e-01 -2.516740000000000088e-01
9.599680000000000435e-01 -2.472860000000000058e-01
9.616449999999999720e-01 -2.424959999999999893e-01
9.632870000000000044e-01 -2.372589999999999977e-01
9.648940000000000294e-01 -2.316489999999999938e-01
9.664639999999999898e-01 -2.257450000000000012e-01
9.679959999999999676e-01 -2.196289999999999909e-01
9.694890000000000452e-01 -2.133839999999999903e-01
9.709410000000000540e-01 -2.070889999999999953e-01
9.723500000000000476e-01 -2.008280000000000065e-01
9.737160000000000259e-01 -1.946779999999999899e-01
9.750360000000000138e-01 -1.886720000000000064e-01
9.763110000000000399e-01 -1.827920000000000100e-01
9.775369999999999893e-01 -1.770170000000000077e-01
9.787150000000000016e-01 -1.713270000000000071e-01
9.798419999999999908e-01 -1.657019999999999882e-01
9.809179999999999566e-01 -1.601200000000000123e-01
9.819400000000000350e-01 -1.545630000000000059e-01
9.829069999999999752e-01 -1.490090000000000026e-01
9.838189999999999991e-01 -1.434449999999999892e-01
9.846740000000000492e-01 -1.378610000000000113e-01
9.854690000000000394e-01 -1.322510000000000074e-01
9.862049999999999983e-01 -1.266049999999999953e-01
9.868799999999999795e-01 -1.209159999999999957e-01
9.874910000000000077e-01 -1.151760000000000006e-01
9.880390000000000006e-01 -1.093750000000000000e-01
9.885209999999999830e-01 -1.035110000000000058e-01
9.889369999999999550e-01 -9.762899999999999356e-02
9.892840000000000522e-01 -9.180699999999999972e-02
9.895620000000000527e-01 -8.612599999999999423e-02
9.897679999999999811e-01 -8.066399999999999959e-02
9.899029999999999774e-01 -7.550199999999999967e-02
9.899639999999999551e-01 -7.071700000000000208e-02
9.899499999999999966e-01 -6.639000000000000457e-02
9.898599999999999621e-01 -6.258900000000000574e-02
9.896949999999999914e-01 -5.925500000000000211e-02
9.894600000000000062e-01 -5.625800000000000245e-02
9.891569999999999530e-01 -5.346700000000000064e-02
9.887899999999999467e-01 -5.075099999999999750e-02
9.883619999999999628e-01 -4.797699999999999881e-02
9.878770000000000051e-01 -4.501499999999999946e-02
9.873389999999999667e-01 -4.173299999999999926e-02
9.867500000000000160e-01 -3.802799999999999930e-02
9.861149999999999638e-01 -3.401799999999999963e-02
9.854359999999999786e-01 -2.992500000000000021e-02
9.847179999999999822e-01 -2.596899999999999903e-02
9.839620000000000033e-01 -2.236399999999999846e-02
9.831739999999999924e-01 -1.919900000000000079e-02
9.823570000000000357e-01 -1.647200000000000053e-02
9.815129999999999688e-01 -1.417599999999999937e-02
9.806380000000000097e-01 -1.230000000000000017e-02
9.796810000000000240e-01 -1.079600000000000004e-02
9.785730000000000262e-01 -9.605999999999999955e-03
9.772459999999999480e-01 -8.668999999999999623e-03
9.756299999999999972e-01 -7.926000000000000753e-03
9.736580000000000235e-01 -7.316999999999999720e-03
9.712600000000000122e-01 -6.782999999999999967e-03
9.683690000000000353e-01 -6.263000000000000338e-03
9.649370000000000447e-01 -5.714000000000000329e-03
9.610180000000000389e-01 -5.154999999999999860e-03
9.566949999999999621e-01 -4.623000000000000373e-03
9.520480000000000054e-01 -4.157000000000000105e-03
9.471600000000000019e-01 -3.795000000000000196e-03
9.421110000000000317e-01 -3.575000000000000053e-03
9.369840000000000391e-01 -3.536000000000000081e-03
9.318579999999999641e-01 -3.713999999999999854e-03
9.267739999999999867e-01 -4.145000000000000247e-03
9.217400000000000038e-01 -4.864000000000000268e-03
9.167640000000000233e-01 -5.903000000000000261e-03
9.118530000000000246e-01 -7.296000000000000402e-03
9.070120000000000404e-01 -9.076999999999999999e-03
9.022499999999999964e-01 -1.127900000000000083e-02
8.975729999999999542e-01 -1.393499999999999947e-02
8.929909999999999792e-01 -1.707200000000000037e-02
8.885480000000000045e-01 -2.063699999999999909e-02
8.843069999999999542e-01 -2.452999999999999972e-02
8.803309999999999746e-01 -2.864900000000000085e-02
8.766840000000000188e-01 -3.289199999999999763e-02
8.734309999999999574e-01 -3.715799999999999659e-02
8.706350000000000477e-01 -4.134600000000000081e-02
8.683610000000000495e-01 -4.535299999999999748e-02
8.666469999999999452e-01 -4.913200000000000206e-02
8.654279999999999751e-01 -5.288500000000000145e-02
8.646049999999999569e-01 -5.688399999999999707e-02
8.640799999999999592e-01 -6.140400000000000025e-02
8.637559999999999683e-01 -6.668200000000000516e-02
8.635340000000000238e-01 -7.272000000000000686e-02
8.633159999999999723e-01 -7.941700000000000148e-02
8.630050000000000221e-01 -8.667099999999999804e-02
8.625350000000000517e-01 -9.434800000000000131e-02
8.619299999999999740e-01 -1.022269999999999984e-01
8.612290000000000223e-01 -1.100720000000000032e-01
8.604720000000000146e-01 -1.176480000000000026e-01
8.596960000000000157e-01 -1.247489999999999988e-01
8.589400000000000368e-01 -1.313840000000000008e-01
8.582440000000000069e-01 -1.376549999999999996e-01
8.576460000000000194e-01 -1.436659999999999882e-01
8.571710000000000163e-01 -1.494989999999999930e-01
8.568109999999999893e-01 -1.551899999999999946e-01
8.565530000000000088e-01 -1.607689999999999952e-01
8.563840000000000341e-01 -1.662639999999999951e-01
8.562910000000000244e-01 -1.717049999999999965e-01
8.562600000000000211e-01 -1.771199999999999997e-01
8.562790000000000123e-01 -1.825400000000000078e-01
8.563340000000000396e-01 -1.879939999999999944e-01
8.564129999999999798e-01 -1.935089999999999866e-01
8.565030000000000143e-01 -1.991169999999999884e-01
8.565899999999999626e-01 -2.048449999999999993e-01
8.566610000000000058e-01 -2.107239999999999946e-01
8.567040000000000211e-01 -2.167810000000000015e-01
8.567050000000000498e-01 -2.230469999999999953e-01
8.566510000000000513e-01 -2.295510000000000050e-01
8.565300000000000136e-01 -2.363220000000000043e-01
8.563399999999999901e-01 -2.434149999999999925e-01
8.560929999999999929e-01 -2.509109999999999951e-01
8.558029999999999804e-01 -2.588949999999999863e-01
8.554819999999999647e-01 -2.674469999999999903e-01
8.551440000000000152e-01 -2.764829999999999788e-01
8.548000000000000043e-01 -2.856380000000000030e-01
8.544640000000000013e-01 -2.945220000000000060e-01
8.541490000000000471e-01 -3.027549999999999963e-01
8.538679999999999604e-01 -3.102010000000000045e-01
8.536329999999999751e-01 -3.169489999999999807e-01
8.534580000000000499e-01 -3.230990000000000251e-01
8.533549999999999747e-01 -3.287470000000000114e-01
8.533370000000000122e-01 -3.339929999999999843e-01
8.534180000000000099e-01 -3.389329999999999843e-01
8.536089999999999511e-01 -3.436679999999999735e-01
8.539219999999999589e-01 -3.482759999999999745e-01
8.543579999999999508e-01 -3.527799999999999825e-01
8.549139999999999517e-01 -3.571860000000000035e-01
8.555899999999999617e-01 -3.614979999999999860e-01
8.563849999999999518e-01 -3.657230000000000203e-01
8.572959999999999470e-01 -3.698679999999999746e-01
8.583239999999999759e-01 -3.739379999999999926e-01
8.594659999999999522e-01 -3.779390000000000249e-01
8.607219999999999871e-01 -3.818750000000000200e-01
8.620889999999999942e-01 -3.857439999999999758e-01
8.635680000000000023e-01 -3.895429999999999726e-01
8.651560000000000361e-01 -3.932680000000000065e-01
8.668519999999999559e-01 -3.969179999999999930e-01
8.686549999999999550e-01 -4.004900000000000126e-01
8.705629999999999757e-01 -4.039800000000000058e-01
8.725770000000000470e-01 -4.073860000000000259e-01
8.746930000000000538e-01 -4.107000000000000095e-01
8.769109999999999960e-01 -4.139079999999999981e-01
8.792290000000000383e-01 -4.169950000000000045e-01
8.816469999999999585e-01 -4.199439999999999840e-01
8.841630000000000322e-01 -4.227409999999999779e-01
8.867760000000000087e-01 -4.253709999999999991e-01
8.894840000000000524e-01 -4.278179999999999761e-01
8.922860000000000236e-01 -4.300680000000000058e-01
8.951810000000000045e-01 -4.321130000000000249e-01
8.981670000000000487e-01 -4.339589999999999836e-01
9.012440000000000451e-01 -4.356110000000000260e-01
9.044100000000000472e-01 -4.370729999999999893e-01
9.076629999999999976e-01 -4.383500000000000174e-01
9.110030000000000072e-01 -4.394489999999999785e-01
9.144290000000000473e-01 -4.403730000000000144e-01
9.179209999999999869e-01 -4.411280000000000201e-01
9.214020000000000543e-01 -4.417189999999999728e-01
9.247859999999999969e-01 -4.421539999999999915e-01
9.279809999999999448e-01 -4.424359999999999959e-01
9.309380000000000432e-01 -4.425729999999999942e-01
9.337980000000000169e-01 -4.425709999999999922e-01
9.367619999999999836e-01 -4.424339999999999939e-01
9.400330000000000075e-01 -4.421700000000000075e-01
9.437259999999999538e-01 -4.417829999999999813e-01
9.477860000000000174e-01 -4.412800000000000056e-01
9.521370000000000111e-01 -4.406669999999999754e-01
9.567020000000000524e-01 -4.399489999999999790e-01
9.614040000000000363e-01 -4.391329999999999956e-01
9.661689999999999445e-01 -4.382240000000000024e-01
9.709179999999999477e-01 -4.372280000000000055e-01
9.755759999999999987e-01 -4.361510000000000109e-01
9.800649999999999640e-01 -4.350080000000000058e-01
9.842999999999999527e-01 -4.338270000000000182e-01
9.881980000000000208e-01 -4.326360000000000205e-01
9.916770000000000307e-01 -4.314649999999999874e-01
9.946530000000000094e-01 -4.303429999999999755e-01
9.970419999999999838e-01 -4.292980000000000129e-01
9.987610000000000099e-01 -4.283609999999999918e-01
9.997310000000000363e-01 -4.275590000000000224e-01
1.000000000000000000e+00 -4.269220000000000237e-01
9.997570000000000068e-01 -4.264800000000000257e-01
9.991970000000000018e-01 -4.262610000000000010e-01
9.985180000000000167e-01 -4.262940000000000063e-01
9.979160000000000252e-01 -4.266079999999999872e-01
9.975870000000000015e-01 -4.272329999999999739e-01
9.977270000000000305e-01 -4.281969999999999943e-01
