0.433460 -0.210707
0.434723 -0.210186
0.435646 -0.209653
0.436245 -0.209109
0.436536 -0.208556
0.436534 -0.207995
0.436254 -0.207427
0.435713 -0.206854
0.434927 -0.206276
0.433909 -0.205695
0.432677 -0.205112
0.431246 -0.204528
0.429631 -0.203945
0.427848 -0.203363
0.425913 -0.202784
0.423841 -0.202209
0.421647 -0.201639
0.419347 -0.201076
0.416949 -0.200520
0.414463 -0.199974
0.411896 -0.199437
0.409259 -0.198912
0.406561 -0.198400
0.403809 -0.197901
0.401014 -0.197417
0.398183 -0.196949
0.395327 -0.196499
0.392453 -0.196067
0.389572 -0.195655
0.386691 -0.195264
0.383819 -0.194895
0.380967 -0.194550
0.378142 -0.194229
0.375350 -0.193934
0.372593 -0.193666
0.369869 -0.193427
0.367178 -0.193217
0.364521 -0.193038
0.361897 -0.192890
0.359307 -0.192776
0.356749 -0.192696
0.354224 -0.192652
0.351731 -0.192644
0.349271 -0.192674
0.346843 -0.192744
0.344447 -0.192854
0.342084 -0.193005
0.339752 -0.193200
0.337451 -0.193438
0.335182 -0.193722
0.332944 -0.194052
0.330738 -0.194430
0.328562 -0.194856
0.326417 -0.195333
0.324303 -0.195861
0.322219 -0.196441
0.320165 -0.197076
0.318142 -0.197765
0.316149 -0.198510
0.314185 -0.199313
0.312251 -0.200174
0.310346 -0.201095
0.308471 -0.202077
0.306625 -0.203121
0.304809 -0.204228
0.303021 -0.205397
0.301263 -0.206631
0.299534 -0.207928
0.297835 -0.209289
0.296165 -0.210715
0.294525 -0.212206
0.292915 -0.213763
0.291334 -0.215386
0.289783 -0.217075
0.288262 -0.218831
0.286772 -0.220654
0.285311 -0.222545
0.283880 -0.224504
0.282479 -0.226531
0.281109 -0.228627
0.279768 -0.230793
0.278459 -0.233028
0.277179 -0.235333
0.275930 -0.237709
0.274712 -0.240156
0.273524 -0.242674
0.272367 -0.245264
0.271241 -0.247926
0.270146 -0.250661
0.269081 -0.253468
0.268048 -0.256350
0.267045 -0.259305
0.266074 -0.262334
0.265134 -0.265438
0.264225 -0.268617
0.263349 -0.271871
0.262514 -0.275192
0.261730 -0.278574
0.261008 -0.282007
0.260357 -0.285485
0.259789 -0.288998
0.259313 -0.292540
0.258939 -0.296102
0.258678 -0.299676
0.258540 -0.303254
0.258535 -0.306828
0.258673 -0.310391
0.258965 -0.313934
0.259420 -0.317450
0.260049 -0.320930
0.260863 -0.324367
0.261869 -0.327752
0.263066 -0.331077
0.264444 -0.334335
0.265997 -0.337518
0.267715 -0.340618
0.269592 -0.343626
0.271620 -0.346535
0.273790 -0.349337
0.276095 -0.352024
0.278526 -0.354587
0.281077 -0.357020
0.283738 -0.359314
0.286502 -0.361460
0.289361 -0.363452
0.292308 -0.365281
0.295333 -0.366943
0.298429 -0.368441
0.301587 -0.369778
0.304798 -0.370956
0.308054 -0.371978
0.311346 -0.372847
0.314665 -0.373566
0.318003 -0.374136
0.321351 -0.374562
0.324711 -0.374845
0.328082 -0.374989
0.331468 -0.374995
0.334870 -0.374868
0.338291 -0.374609
0.341733 -0.374221
0.345198 -0.373707
0.348683 -0.373070
0.352180 -0.372312
0.355680 -0.371437
0.359174 -0.370446
0.362653 -0.369343
0.366107 -0.368130
0.369528 -0.366810
0.372906 -0.365386
0.376233 -0.363861
0.379500 -0.362236
0.382696 -0.360516
0.385814 -0.358702
0.388845 -0.356797
0.391779 -0.354805
0.394606 -0.352727
0.397320 -0.350567
0.399914 -0.348328
0.402391 -0.346011
0.404756 -0.343621
0.407011 -0.341160
0.409158 -0.338632
0.411202 -0.336038
0.413146 -0.333383
0.414992 -0.330668
0.416744 -0.327898
0.418405 -0.325075
0.419978 -0.322201
0.421466 -0.319281
0.422873 -0.316317
0.424202 -0.313311
0.425455 -0.310267
0.426636 -0.307188
0.427748 -0.304077
0.428795 -0.300937
0.429779 -0.297770
0.430704 -0.294580
0.431572 -0.291370
0.432387 -0.288142
0.433153 -0.284900
0.433872 -0.281646
0.434547 -0.278384
0.435182 -0.275116
0.435779 -0.271846
0.436343 -0.268576
0.436876 -0.265310
0.437380 -0.262050
0.437861 -0.258800
0.446350 -0.196825
0.446121 -0.196253
0.445714 -0.195666
0.445135 -0.195067
0.444389 -0.194457
0.443482 -0.193839
0.442421 -0.193214
0.441210 -0.192584
0.439856 -0.191951
0.438365 -0.191316
0.436742 -0.190683
0.434993 -0.190053
0.433125 -0.189426
0.431142 -0.188807
0.429050 -0.188196
0.426857 -0.187595
0.424566 -0.187006
0.422185 -0.186431
0.419719 -0.185872
0.417173 -0.185331
0.414554 -0.184810
0.411868 -0.184310
0.409119 -0.183834
0.406315 -0.183383
0.403461 -0.182959
0.400562 -0.182565
0.397625 -0.182202
0.394655 -0.181871
0.391658 -0.181576
0.388641 -0.181317
0.385608 -0.181097
0.382565 -0.180917
0.379519 -0.180780
0.376475 -0.180688
0.373434 -0.180642
0.370397 -0.180645
0.367364 -0.180701
0.364338 -0.180811
0.361318 -0.180979
0.358305 -0.181206
0.355301 -0.181496
0.352305 -0.181851
0.349320 -0.182274
0.346345 -0.182766
0.343382 -0.183332
0.340432 -0.183973
0.337494 -0.184692
0.334571 -0.185491
0.331663 -0.186373
0.328770 -0.187342
0.325895 -0.188398
0.323036 -0.189546
0.320196 -0.190787
0.317376 -0.192124
0.314575 -0.193560
0.311795 -0.195097
0.309037 -0.196738
0.306301 -0.198486
0.303588 -0.200342
0.300900 -0.202310
0.298237 -0.204393
0.295600 -0.206592
0.292989 -0.208911
0.290406 -0.211351
0.287852 -0.213915
0.285331 -0.216598
0.282846 -0.219393
0.280401 -0.222294
0.278002 -0.225294
0.275652 -0.228387
0.273356 -0.231566
0.271117 -0.234826
0.268940 -0.238158
0.266829 -0.241558
0.264789 -0.245018
0.262823 -0.248532
0.260935 -0.252094
0.259131 -0.255696
0.257414 -0.259334
0.255788 -0.262999
0.254258 -0.266686
0.252828 -0.270389
0.251502 -0.274100
0.250284 -0.277813
0.249178 -0.281522
0.248189 -0.285220
0.247321 -0.288901
0.246578 -0.292559
0.245965 -0.296186
0.245485 -0.299777
0.245142 -0.303325
0.244942 -0.306823
0.244888 -0.310266
0.244984 -0.313646
0.245235 -0.316957
0.245644 -0.320192
0.246217 -0.323343
0.246954 -0.326386
0.247859 -0.329293
0.248934 -0.332036
0.250181 -0.334588
0.251602 -0.336919
0.253199 -0.339003
0.254975 -0.340812
0.256931 -0.342325
0.259070 -0.343572
0.261393 -0.344597
0.263904 -0.345441
0.266605 -0.346151
0.269496 -0.346768
0.272581 -0.347336
0.275863 -0.347900
0.279339 -0.348495
0.282999 -0.349121
0.286824 -0.349763
0.290798 -0.350408
0.294904 -0.351041
0.299124 -0.351649
0.303442 -0.352218
0.307840 -0.352734
0.312302 -0.353182
0.316810 -0.353549
0.321347 -0.353821
0.325897 -0.353984
0.330442 -0.354023
0.334966 -0.353926
0.339450 -0.353678
0.343881 -0.353267
0.348253 -0.352691
0.352564 -0.351951
0.356812 -0.351046
0.360995 -0.349977
0.365110 -0.348744
0.369155 -0.347347
0.373128 -0.345788
0.377026 -0.344065
0.380848 -0.342180
0.384590 -0.340133
0.388252 -0.337924
0.391830 -0.335554
0.395322 -0.333022
0.398726 -0.330330
0.402040 -0.327477
0.405262 -0.324466
0.408389 -0.321306
0.411418 -0.318007
0.414349 -0.314580
0.417178 -0.311033
0.419903 -0.307378
0.422522 -0.303623
0.425033 -0.299780
0.427433 -0.295857
0.429720 -0.291866
0.431892 -0.287815
0.433947 -0.283715
0.435883 -0.279576
0.437696 -0.275408
0.439386 -0.271221
0.440949 -0.267025
0.442387 -0.262830
0.443704 -0.258651
0.444904 -0.254499
0.445992 -0.250387
0.446971 -0.246327
0.447845 -0.242333
0.448619 -0.238417
0.449298 -0.234591
0.449884 -0.230869
0.450383 -0.227262
0.450798 -0.223783
0.451134 -0.220446
0.451395 -0.217262
0.451585 -0.214245
0.451707 -0.211407
0.451768 -0.208759
0.451769 -0.206308
0.451717 -0.204050
0.451614 -0.201983
0.451465 -0.200105
0.451274 -0.198412
0.451046 -0.196902
0.450784 -0.195573
0.450492 -0.194421
0.450176 -0.193444
0.449838 -0.192640
0.449484 -0.192006
0.449117 -0.191539
0.448742 -0.191236
0.448362 -0.191095
0.434354 -0.186642
0.434242 -0.187014
0.433983 -0.187311
0.433579 -0.187538
0.433033 -0.187702
0.432347 -0.187810
0.431524 -0.187868
0.430566 -0.187882
0.429476 -0.187859
0.428255 -0.187806
0.426907 -0.187729
0.425434 -0.187634
0.423839 -0.187529
0.422123 -0.187418
0.420289 -0.187310
0.418340 -0.187209
0.416279 -0.187124
0.414106 -0.187060
0.411826 -0.187023
0.409440 -0.187021
0.406951 -0.187059
0.404361 -0.187145
0.401674 -0.187284
0.398890 -0.187483
0.396013 -0.187749
0.393045 -0.188087
0.389988 -0.188506
0.386846 -0.189010
0.383620 -0.189607
0.380312 -0.190302
0.376927 -0.191103
0.373464 -0.192016
0.369928 -0.193047
0.366321 -0.194203
0.362649 -0.195479
0.358919 -0.196867
0.355142 -0.198354
0.351325 -0.199930
0.347478 -0.201586
0.343609 -0.203309
0.339726 -0.205090
0.335838 -0.206917
0.331954 -0.208781
0.328082 -0.210671
0.324231 -0.212575
0.320410 -0.214483
0.316628 -0.216385
0.312892 -0.218271
0.309212 -0.220128
0.305596 -0.221950
0.302054 -0.223742
0.298592 -0.225509
0.295221 -0.227259
0.291949 -0.228998
0.288784 -0.230734
0.285735 -0.232472
0.282811 -0.234220
0.280020 -0.235985
0.277372 -0.237772
0.274874 -0.239590
0.272535 -0.241444
0.270364 -0.243342
0.268370 -0.245290
0.266561 -0.247294
0.264945 -0.249363
0.263524 -0.251500
0.262282 -0.253708
0.261202 -0.255987
0.260269 -0.258341
0.259466 -0.260769
0.258777 -0.263275
0.258186 -0.265858
0.257676 -0.268522
0.257232 -0.271266
0.256836 -0.274094
0.256473 -0.277006
0.256127 -0.280005
0.255780 -0.283090
0.255417 -0.286265
0.255022 -0.289531
0.254582 -0.292887
0.254113 -0.296321
0.253639 -0.299817
0.253186 -0.303357
0.252781 -0.306924
0.252448 -0.310502
0.252213 -0.314073
0.252101 -0.317621
0.252139 -0.321129
0.252352 -0.324579
0.252765 -0.327955
0.253404 -0.331239
0.254295 -0.334416
0.255464 -0.337468
0.256935 -0.340377
0.258733 -0.343128
0.260858 -0.345711
0.263284 -0.348124
0.265984 -0.350365
0.268932 -0.352434
0.272099 -0.354328
0.275460 -0.356045
0.278988 -0.357585
0.282655 -0.358945
0.286435 -0.360124
0.290300 -0.361120
0.294224 -0.361933
0.298180 -0.362559
0.302141 -0.362998
0.306080 -0.363248
0.309970 -0.363307
0.313800 -0.363174
0.317588 -0.362848
0.321355 -0.362325
0.325121 -0.361606
0.328909 -0.360689
0.332739 -0.359571
0.336633 -0.358251
0.340612 -0.356728
0.344697 -0.355000
0.348909 -0.353066
0.353270 -0.350923
0.357801 -0.348570
0.362522 -0.346007
0.367456 -0.343230
0.372623 -0.340239
0.378032 -0.337034
0.383618 -0.333629
0.389296 -0.330041
0.394979 -0.326290
0.400581 -0.322391
0.406015 -0.318364
0.411195 -0.314226
0.416034 -0.309994
0.420449 -0.305687
0.424410 -0.301322
0.427953 -0.296918
0.431112 -0.292491
0.433923 -0.288061
0.436423 -0.283643
0.438647 -0.279258
0.440631 -0.274921
0.442412 -0.270651
0.444016 -0.266435
0.445458 -0.262200
0.446746 -0.257865
0.447893 -0.253349
0.448908 -0.248626
0.449803 -0.243837
0.450588 -0.239156
0.451273 -0.234758
0.451870 -0.230784
0.452389 -0.227242
0.452840 -0.224109
0.453235 -0.221362
0.453584 -0.218979
0.453898 -0.216936
0.454187 -0.215211
0.454462 -0.213780
0.454725 -0.212617
0.454977 -0.211695
0.455218 -0.210986
0.455448 -0.210462
0.455665 -0.210096
0.455870 -0.209860
0.456062 -0.209727
0.456242 -0.209668
0.456408 -0.209657
0.456562 -0.209665
0.456701 -0.209665
0.456827 -0.209629
0.456938 -0.209530
0.457036 -0.209340
0.457118 -0.209032
0.457185 -0.208592
0.457237 -0.208039
0.457274 -0.207392
0.457295 -0.206672
0.457299 -0.205899
0.457288 -0.205093
0.457259 -0.204275
0.457214 -0.203465
0.457152 -0.202683
0.457072 -0.201950
0.456974 -0.201286
0.456859 -0.200711
0.456725 -0.200245
0.456573 -0.199910
0.456402 -0.199725
