0.950527 -0.243423
0.950573 -0.243017
0.950625 -0.242679
0.950682 -0.242413
0.950743 -0.242220
0.950807 -0.242105
0.950872 -0.242070
0.950938 -0.242118
0.951003 -0.242251
0.951067 -0.242474
0.951129 -0.242788
0.951186 -0.243197
0.951239 -0.243704
0.951286 -0.244312
0.951326 -0.245023
0.951358 -0.245840
0.951381 -0.246768
0.951394 -0.247824
0.951395 -0.249037
0.951384 -0.250434
0.951360 -0.252045
0.951321 -0.253896
0.951266 -0.256017
0.951195 -0.258436
0.951106 -0.261181
0.950998 -0.264264
0.950871 -0.267635
0.950722 -0.271233
0.950551 -0.274996
0.950357 -0.278861
0.950139 -0.282768
0.949896 -0.286654
0.949626 -0.290465
0.949334 -0.294187
0.949023 -0.297821
0.948698 -0.301367
0.948361 -0.304825
0.948018 -0.308196
0.947672 -0.311480
0.947327 -0.314678
0.946988 -0.317789
0.946659 -0.320816
0.946342 -0.323756
0.946044 -0.326613
0.945767 -0.329384
0.945515 -0.332072
0.945294 -0.334676
0.945106 -0.337196
0.944956 -0.339634
0.944847 -0.341990
0.944785 -0.344263
0.944772 -0.346455
0.944813 -0.348565
0.944913 -0.350595
0.945074 -0.352544
0.945301 -0.354412
0.945599 -0.356202
0.945971 -0.357912
0.946421 -0.359543
0.946953 -0.361095
0.947571 -0.362569
0.948280 -0.363966
0.949083 -0.365285
0.949981 -0.366528
0.950969 -0.367697
0.952040 -0.368793
0.953189 -0.369819
0.954411 -0.370777
0.955699 -0.371669
0.957048 -0.372497
0.958452 -0.373262
0.959904 -0.373968
0.961401 -0.374616
0.962935 -0.375208
0.964501 -0.375747
0.966092 -0.376233
0.967704 -0.376671
0.969331 -0.377060
0.970967 -0.377404
0.972605 -0.377705
0.974240 -0.377964
0.975867 -0.378184
0.977480 -0.378367
0.979073 -0.378515
0.980639 -0.378630
0.982174 -0.378713
0.983672 -0.378768
0.985126 -0.378795
0.986531 -0.378798
0.987882 -0.378778
0.989172 -0.378737
0.990395 -0.378678
0.991547 -0.378602
0.992621 -0.378511
0.993611 -0.378408
0.994515 -0.378295
0.995335 -0.378173
0.996076 -0.378045
0.996741 -0.377912
0.997332 -0.377778
0.997854 -0.377643
0.998310 -0.377511
0.998703 -0.377382
0.999037 -0.377259
0.999315 -0.377145
0.999540 -0.377041
0.999716 -0.376949
0.999847 -0.376871
0.999936 -0.376810
0.999986 -0.376768
1.000000 -0.376745
0.999983 -0.376746
0.999937 -0.376771
0.999865 -0.376823
0.999773 -0.376903
0.999662 -0.377014
0.999536 -0.377159
0.999399 -0.377338
0.999253 -0.377554
0.999104 -0.377810
0.998953 -0.378106
0.998804 -0.378446
0.998661 -0.378831
0.998527 -0.379263
0.998406 -0.379745
0.947209 -0.265733
0.949002 -0.262147
0.950668 -0.258745
0.952211 -0.255526
0.953636 -0.252487
0.954946 -0.249627
0.956145 -0.246944
0.957238 -0.244435
0.958227 -0.242098
0.959117 -0.239932
0.959912 -0.237933
0.960616 -0.236101
0.961232 -0.234433
0.961765 -0.232927
0.962218 -0.231581
0.962595 -0.230393
0.962900 -0.229361
0.963138 -0.228487
0.963311 -0.227806
0.963425 -0.227371
0.963482 -0.227233
0.963487 -0.227444
0.963444 -0.228056
0.963356 -0.229120
0.963227 -0.230689
0.963062 -0.232792
0.962863 -0.235364
0.962636 -0.238314
0.962384 -0.241550
0.962111 -0.244980
0.961821 -0.248512
0.961517 -0.252056
0.961204 -0.255520
0.960886 -0.258839
0.960565 -0.262039
0.960247 -0.265164
0.959934 -0.268260
0.959630 -0.271370
0.959339 -0.274541
0.959065 -0.277816
0.958811 -0.281239
0.958581 -0.284837
0.958379 -0.288585
0.958208 -0.292449
0.958072 -0.296398
0.957975 -0.300399
0.957920 -0.304420
0.957912 -0.308429
0.957953 -0.312392
0.958047 -0.316286
0.958199 -0.320102
0.958411 -0.323835
0.958688 -0.327476
0.959033 -0.331021
0.959450 -0.334462
0.959943 -0.337792
0.960515 -0.341006
0.961170 -0.344097
0.961911 -0.347058
0.962743 -0.349883
0.963668 -0.352565
0.964692 -0.355098
0.965817 -0.357476
0.967046 -0.359691
0.968377 -0.361743
0.969795 -0.363638
0.971286 -0.365381
0.972837 -0.366978
0.974434 -0.368436
0.976063 -0.369759
0.977709 -0.370956
0.979359 -0.372030
0.980998 -0.372989
0.982613 -0.373838
0.984190 -0.374584
0.985715 -0.375232
0.987174 -0.375788
0.988552 -0.376258
0.989836 -0.376649
0.991012 -0.376966
0.992075 -0.377215
0.993030 -0.377402
0.993884 -0.377534
0.994644 -0.377616
0.995315 -0.377654
0.995905 -0.377654
0.996420 -0.377623
0.996866 -0.377566
0.997249 -0.377489
0.997578 -0.377398
0.997857 -0.377299
0.998093 -0.377198
0.998293 -0.377102
0.998464 -0.377016
0.998611 -0.376945
0.998738 -0.376893
0.998847 -0.376857
0.998939 -0.376836
0.999016 -0.376829
0.999078 -0.376835
0.999128 -0.376851
0.999166 -0.376876
0.999194 -0.376910
0.999214 -0.376950
0.999226 -0.376995
0.999232 -0.377044
0.999233 -0.377095
0.999231 -0.377147
0.999227 -0.377199
0.999222 -0.377248
0.999218 -0.377294
0.999216 -0.377335
0.999218 -0.377369
0.999224 -0.377396
0.999237 -0.377414
0.999257 -0.377421
0.999286 -0.377416
0.999325 -0.377397
0.999376 -0.377364
0.999440 -0.377314
0.999518 -0.377247
0.999611 -0.377160
0.999722 -0.377053
0.999851 -0.376923
1.000000 -0.376770
0.954111 -0.239173
0.954804 -0.237998
0.955430 -0.236982
0.955991 -0.236109
0.956490 -0.235361
0.956930 -0.234721
0.957311 -0.234171
0.957638 -0.233694
0.957911 -0.233273
0.958134 -0.232889
0.958308 -0.232525
0.958435 -0.232165
0.958519 -0.231790
0.958562 -0.231383
0.958564 -0.230927
0.958530 -0.230403
0.958462 -0.229798
0.958360 -0.229126
0.958229 -0.228427
0.958069 -0.227739
0.957884 -0.227101
0.957676 -0.226551
0.957447 -0.226129
0.957199 -0.225873
0.956934 -0.225821
0.956656 -0.226014
0.956365 -0.226489
0.956065 -0.227285
0.955758 -0.228441
0.955445 -0.229996
0.955130 -0.231988
0.954815 -0.234457
0.954501 -0.237405
0.954191 -0.240775
0.953888 -0.244505
0.953594 -0.248530
0.953310 -0.252787
0.953040 -0.257212
0.952786 -0.261743
0.952549 -0.266314
0.952333 -0.270864
0.952139 -0.275328
0.951969 -0.279642
0.951827 -0.283745
0.951714 -0.287570
0.951633 -0.291057
0.951586 -0.294140
0.951574 -0.296772
0.951602 -0.299013
0.951670 -0.300962
0.951781 -0.302722
0.951937 -0.304394
0.952141 -0.306078
0.952395 -0.307877
0.952701 -0.309890
0.953062 -0.312218
0.953479 -0.314884
0.953955 -0.317817
0.954493 -0.320938
0.955095 -0.324169
0.955762 -0.327432
0.956498 -0.330647
0.957304 -0.333738
0.958181 -0.336648
0.959124 -0.339376
0.960130 -0.341928
0.961193 -0.344310
0.962308 -0.346527
0.963471 -0.348586
0.964677 -0.350491
0.965922 -0.352249
0.967199 -0.353865
0.968506 -0.355346
0.969837 -0.356697
0.971186 -0.357923
0.972551 -0.359031
0.973925 -0.360026
0.975304 -0.360914
0.976684 -0.361701
0.978059 -0.362392
0.979425 -0.362994
0.980777 -0.363512
0.982110 -0.363952
0.983420 -0.364319
0.984701 -0.364619
0.985950 -0.364859
0.987161 -0.365044
0.988330 -0.365179
0.989452 -0.365270
0.990521 -0.365324
0.991534 -0.365346
0.992486 -0.365341
0.993371 -0.365316
0.994186 -0.365276
0.994927 -0.365226
0.995596 -0.365167
0.996198 -0.365102
0.996736 -0.365030
0.997213 -0.364954
0.997633 -0.364874
0.998000 -0.364791
0.998317 -0.364707
0.998587 -0.364623
0.998814 -0.364540
0.999003 -0.364459
0.999155 -0.364382
0.999275 -0.364308
0.999367 -0.364241
0.999434 -0.364180
0.999479 -0.364127
0.999507 -0.364083
0.999520 -0.364050
0.999522 -0.364028
0.999517 -0.364018
0.999508 -0.364022
0.999499 -0.364041
0.999494 -0.364076
0.999495 -0.364129
0.999507 -0.364200
0.999533 -0.364290
0.999577 -0.364401
0.999642 -0.364534
0.999732 -0.364690
0.999850 -0.364870
1.000000 -0.365075
