0.809240 -0.265644
0.808961 -0.269809
0.808681 -0.273936
0.808402 -0.278024
0.808130 -0.282070
0.807867 -0.286076
0.807617 -0.290039
0.807384 -0.293959
0.807172 -0.297835
0.806983 -0.301666
0.806822 -0.305451
0.806693 -0.309190
0.806598 -0.312882
0.806543 -0.316524
0.806529 -0.320118
0.806561 -0.323662
0.806643 -0.327155
0.806778 -0.330595
0.806970 -0.333984
0.807223 -0.337318
0.807539 -0.340598
0.807923 -0.343823
0.808379 -0.346992
0.808910 -0.350103
0.809519 -0.353157
0.810210 -0.356152
0.810988 -0.359087
0.811855 -0.361961
0.812816 -0.364774
0.813873 -0.367525
0.815031 -0.370213
0.816292 -0.372837
0.817662 -0.375395
0.819139 -0.377886
0.820719 -0.380303
0.822398 -0.382642
0.824171 -0.384897
0.826036 -0.387063
0.827987 -0.389134
0.830021 -0.391107
0.832133 -0.392974
0.834319 -0.394732
0.836575 -0.396374
0.838896 -0.397896
0.841280 -0.399293
0.843721 -0.400558
0.846215 -0.401688
0.848758 -0.402676
0.851347 -0.403517
0.853976 -0.404207
0.856642 -0.404739
0.859341 -0.405110
0.862067 -0.405312
0.864819 -0.405342
0.867590 -0.405194
0.870377 -0.404863
0.873176 -0.404343
0.875983 -0.403630
0.878793 -0.402718
0.881602 -0.401601
0.884407 -0.400275
0.887203 -0.398734
0.889985 -0.396974
0.892750 -0.394989
0.895492 -0.392785
0.898206 -0.390367
0.900886 -0.387744
0.903526 -0.384923
0.906120 -0.381912
0.908663 -0.378717
0.911148 -0.375347
0.913571 -0.371810
0.915926 -0.368114
0.918206 -0.364289
0.920406 -0.360367
0.922521 -0.356378
0.924544 -0.352357
0.926470 -0.348335
0.928293 -0.344344
0.930008 -0.340416
0.931615 -0.336562
0.933119 -0.332785
0.934524 -0.329084
0.935834 -0.325460
0.937055 -0.321913
0.938190 -0.318444
0.939244 -0.315052
0.940222 -0.311740
0.941127 -0.308506
0.941965 -0.305352
0.942739 -0.302277
0.943455 -0.299283
0.944116 -0.296370
0.944727 -0.293538
0.945293 -0.290787
0.945818 -0.288118
0.946304 -0.285532
0.946752 -0.283026
0.947165 -0.280600
0.947544 -0.278255
0.947890 -0.275989
0.948205 -0.273802
0.948491 -0.271693
0.948749 -0.269661
0.948981 -0.267707
0.949188 -0.265829
0.949371 -0.264027
0.949533 -0.262300
0.949675 -0.260648
0.949799 -0.259070
0.949905 -0.257565
0.949996 -0.256134
0.950073 -0.254775
0.950138 -0.253487
0.950192 -0.252271
0.950237 -0.251125
0.950275 -0.250050
0.950306 -0.249043
0.950333 -0.248106
0.950357 -0.247237
0.950380 -0.246436
0.950402 -0.245701
0.950427 -0.245033
0.950455 -0.244432
0.950488 -0.243895
0.817040 -0.218829
0.816767 -0.219341
0.816475 -0.220352
0.816168 -0.221831
0.815847 -0.223744
0.815516 -0.226061
0.815176 -0.228749
0.814832 -0.231776
0.814484 -0.235110
0.814137 -0.238718
0.813792 -0.242568
0.813453 -0.246628
0.813121 -0.250867
0.812800 -0.255251
0.812492 -0.259749
0.812200 -0.264329
0.811926 -0.268958
0.811674 -0.273609
0.811445 -0.278266
0.811242 -0.282915
0.811069 -0.287543
0.810927 -0.292137
0.810820 -0.296683
0.810749 -0.301167
0.810719 -0.305575
0.810730 -0.309895
0.810786 -0.314113
0.810890 -0.318214
0.811044 -0.322186
0.811251 -0.326015
0.811513 -0.329688
0.811834 -0.333190
0.812215 -0.336509
0.812658 -0.339636
0.813161 -0.342577
0.813721 -0.345337
0.814336 -0.347923
0.815004 -0.350342
0.815722 -0.352599
0.816487 -0.354700
0.817298 -0.356653
0.818152 -0.358464
0.819046 -0.360138
0.819977 -0.361682
0.820945 -0.363103
0.821945 -0.364406
0.822976 -0.365598
0.824035 -0.366685
0.825120 -0.367674
0.826228 -0.368571
0.827357 -0.369381
0.828504 -0.370113
0.829668 -0.370771
0.830844 -0.371362
0.832032 -0.371892
0.833229 -0.372368
0.834432 -0.372796
0.835638 -0.373183
0.836846 -0.373533
0.838053 -0.373855
0.839257 -0.374154
0.840454 -0.374436
0.841643 -0.374708
0.842821 -0.374976
0.843988 -0.375242
0.845145 -0.375502
0.846294 -0.375753
0.847436 -0.375992
0.848572 -0.376217
0.849706 -0.376422
0.850837 -0.376606
0.851968 -0.376764
0.853100 -0.376894
0.854234 -0.376992
0.855373 -0.377055
0.856518 -0.377080
0.857670 -0.377063
0.858831 -0.377001
0.860003 -0.376891
0.861187 -0.376729
0.862384 -0.376513
0.863597 -0.376238
0.864826 -0.375902
0.866074 -0.375501
0.867342 -0.375032
0.868631 -0.374491
0.869943 -0.373876
0.871280 -0.373183
0.872643 -0.372409
0.874034 -0.371551
0.875455 -0.370604
0.876906 -0.369567
0.878390 -0.368434
0.879908 -0.367205
0.881461 -0.365874
0.883052 -0.364439
0.884681 -0.362896
0.886350 -0.361239
0.888060 -0.359466
0.889813 -0.357571
0.891609 -0.355549
0.893450 -0.353397
0.895337 -0.351110
0.897272 -0.348682
0.899255 -0.346111
0.901288 -0.343390
0.903372 -0.340516
0.905509 -0.337485
0.907699 -0.334291
0.909944 -0.330930
0.912245 -0.327398
0.914603 -0.323691
0.917013 -0.319819
0.919460 -0.315807
0.921934 -0.311680
0.924421 -0.307463
0.926908 -0.303179
0.929383 -0.298854
0.931832 -0.294512
0.934244 -0.290179
0.936605 -0.285878
0.938903 -0.281635
0.941126 -0.277474
0.943259 -0.273420
0.945291 -0.269499
0.806560 -0.240707
0.806366 -0.245788
0.806180 -0.251103
0.806003 -0.256566
0.805839 -0.262094
0.805688 -0.267601
0.805552 -0.273002
0.805434 -0.278213
0.805334 -0.283148
0.805254 -0.287740
0.805197 -0.292015
0.805165 -0.296022
0.805158 -0.299812
0.805179 -0.303438
0.805230 -0.306949
0.805312 -0.310397
0.805427 -0.313833
0.805577 -0.317305
0.805764 -0.320820
0.805989 -0.324365
0.806255 -0.327926
0.806562 -0.331487
0.806914 -0.335035
0.807311 -0.338555
0.807755 -0.342034
0.808249 -0.345456
0.808794 -0.348807
0.809392 -0.352073
0.810044 -0.355240
0.810753 -0.358293
0.811519 -0.361218
0.812346 -0.364000
0.813235 -0.366625
0.814186 -0.369083
0.815194 -0.371375
0.816254 -0.373507
0.817359 -0.375483
0.818506 -0.377307
0.819687 -0.378985
0.820897 -0.380522
0.822130 -0.381921
0.823381 -0.383188
0.824645 -0.384328
0.825914 -0.385345
0.827184 -0.386243
0.828449 -0.387029
0.829703 -0.387706
0.830941 -0.388279
0.832157 -0.388753
0.833352 -0.389133
0.834532 -0.389423
0.835700 -0.389628
0.836861 -0.389754
0.838020 -0.389803
0.839182 -0.389783
0.840350 -0.389696
0.841529 -0.389548
0.842724 -0.389344
0.843940 -0.389088
0.845180 -0.388785
0.846451 -0.388440
0.847755 -0.388058
0.849098 -0.387643
0.850484 -0.387200
0.851917 -0.386732
0.853395 -0.386235
0.854917 -0.385705
0.856480 -0.385138
0.858084 -0.384529
0.859725 -0.383873
0.861402 -0.383165
0.863114 -0.382401
0.864858 -0.381577
0.866632 -0.380687
0.868435 -0.379728
0.870264 -0.378694
0.872119 -0.377581
0.873996 -0.376384
0.875894 -0.375099
0.877812 -0.373721
0.879746 -0.372245
0.881696 -0.370668
0.883659 -0.368983
0.885634 -0.367188
0.887619 -0.365276
0.889612 -0.363244
0.891610 -0.361086
0.893613 -0.358799
0.895618 -0.356378
0.897623 -0.353817
0.899626 -0.351113
0.901626 -0.348261
0.903621 -0.345255
0.905608 -0.342093
0.907586 -0.338768
0.909553 -0.335283
0.911508 -0.331654
0.913447 -0.327901
0.915370 -0.324042
0.917275 -0.320097
0.919159 -0.316083
0.921020 -0.312022
0.922858 -0.307930
0.924669 -0.303828
0.926453 -0.299735
0.928206 -0.295668
0.929928 -0.291649
0.931616 -0.287694
0.933269 -0.283824
0.934884 -0.280058
0.936460 -0.276413
0.937995 -0.272897
0.939487 -0.269516
0.940935 -0.266270
0.942335 -0.263165
0.943686 -0.260203
0.944987 -0.257387
0.946236 -0.254721
0.947430 -0.252208
0.948568 -0.249851
0.949648 -0.247653
0.950668 -0.245619
0.951627 -0.243750
0.952521 -0.242051
0.953350 -0.240524
