0.414858 -0.330131
0.415217 -0.330006
0.415253 -0.329900
0.414992 -0.329813
0.414463 -0.329744
0.413691 -0.329690
0.412704 -0.329651
0.411529 -0.329626
0.410193 -0.329613
0.408723 -0.329611
0.407146 -0.329618
0.405488 -0.329635
0.403778 -0.329658
0.402041 -0.329688
0.400305 -0.329723
0.398598 -0.329761
0.396945 -0.329802
0.395372 -0.329843
0.393879 -0.329885
0.392457 -0.329925
0.391094 -0.329963
0.389778 -0.329997
0.388500 -0.330026
0.387248 -0.330048
0.386011 -0.330063
0.384778 -0.330070
0.383538 -0.330066
0.382281 -0.330051
0.380995 -0.330023
0.379669 -0.329982
0.378292 -0.329926
0.376854 -0.329853
0.375343 -0.329764
0.373755 -0.329660
0.372096 -0.329554
0.370371 -0.329457
0.368585 -0.329379
0.366743 -0.329331
0.364853 -0.329326
0.362918 -0.329373
0.360944 -0.329484
0.358938 -0.329671
0.356904 -0.329944
0.354848 -0.330315
0.352776 -0.330794
0.350693 -0.331393
0.348604 -0.332123
0.346516 -0.332995
0.344433 -0.334019
0.342362 -0.335185
0.340307 -0.336478
0.338275 -0.337879
0.336271 -0.339372
0.334300 -0.340939
0.332368 -0.342563
0.330480 -0.344227
0.328642 -0.345913
0.326860 -0.347605
0.325139 -0.349286
0.323485 -0.350937
0.321902 -0.352542
0.320398 -0.354083
0.318976 -0.355544
0.317643 -0.356906
0.316403 -0.358166
0.315251 -0.359358
0.314184 -0.360528
0.313196 -0.361720
0.312283 -0.362980
0.311440 -0.364351
0.310663 -0.365880
0.309946 -0.367609
0.309285 -0.369574
0.308676 -0.371757
0.308112 -0.374126
0.307591 -0.376648
0.307106 -0.379291
0.306654 -0.382024
0.306230 -0.384813
0.305828 -0.387627
0.305449 -0.390442
0.305098 -0.393241
0.304781 -0.396012
0.304502 -0.398739
0.304268 -0.401408
0.304084 -0.404005
0.303955 -0.406514
0.303887 -0.408922
0.303886 -0.411227
0.303956 -0.413444
0.304104 -0.415594
0.304335 -0.417693
0.304655 -0.419762
0.305069 -0.421819
0.305582 -0.423883
0.306199 -0.425969
0.306919 -0.428077
0.307737 -0.430200
0.308648 -0.432331
0.309649 -0.434461
0.310735 -0.436584
0.311902 -0.438692
0.313146 -0.440777
0.314461 -0.442833
0.315845 -0.444852
0.317292 -0.446826
0.318798 -0.448749
0.320360 -0.450612
0.321972 -0.452408
0.323630 -0.454130
0.325330 -0.455770
0.327068 -0.457324
0.328839 -0.458792
0.330640 -0.460178
0.332465 -0.461484
0.334310 -0.462712
0.336172 -0.463865
0.338046 -0.464945
0.339927 -0.465955
0.341811 -0.466897
0.343694 -0.467774
0.345572 -0.468589
0.347440 -0.469343
0.349294 -0.470039
0.351130 -0.470680
0.352942 -0.471269
0.354729 -0.471807
0.356502 -0.472296
0.358288 -0.472737
0.360115 -0.473129
0.362014 -0.473474
0.364011 -0.473772
0.366135 -0.474022
0.368415 -0.474226
0.370877 -0.474383
0.373514 -0.474495
0.376284 -0.474561
0.379146 -0.474582
0.382058 -0.474558
0.384976 -0.474490
0.387859 -0.474377
0.390664 -0.474221
0.393349 -0.474021
0.395903 -0.473775
0.398358 -0.473475
0.400747 -0.473114
0.403108 -0.472684
0.405474 -0.472176
0.407882 -0.471583
0.410366 -0.470898
0.412961 -0.470112
0.415671 -0.469218
0.418458 -0.468208
0.421279 -0.467073
0.424091 -0.465807
0.426854 -0.464401
0.429524 -0.462848
0.432060 -0.461140
0.434426 -0.459274
0.436618 -0.457270
0.438642 -0.455157
0.440504 -0.452963
0.442210 -0.450716
0.443764 -0.448443
0.445174 -0.446173
0.446444 -0.443932
0.447580 -0.441747
0.448588 -0.439612
0.449474 -0.437507
0.450243 -0.435409
0.450901 -0.433298
0.451454 -0.431153
0.451908 -0.428953
0.452268 -0.426676
0.452539 -0.424309
0.452728 -0.421857
0.452841 -0.419328
0.452882 -0.416731
0.452858 -0.414072
0.452774 -0.411360
0.452637 -0.408602
0.452451 -0.405805
0.452223 -0.402979
0.451958 -0.400130
0.451662 -0.397266
0.451340 -0.394395
0.450999 -0.391525
0.450644 -0.388663
0.450280 -0.385818
0.449914 -0.382996
0.449547 -0.380198
0.449180 -0.377424
0.448815 -0.374670
0.448451 -0.371935
0.448090 -0.369217
0.447733 -0.366513
0.447379 -0.363823
0.447031 -0.361146
0.446688 -0.358510
0.446352 -0.355959
0.446023 -0.353537
0.445702 -0.351290
0.445390 -0.349261
0.445088 -0.347496
0.444796 -0.346037
0.444515 -0.344903
0.444247 -0.344064
0.443991 -0.343487
0.443748 -0.343141
0.443520 -0.342992
0.443307 -0.343008
0.443109 -0.343155
0.442929 -0.343403
0.442765 -0.343717
0.442620 -0.344065
0.442494 -0.344414
0.442387 -0.344733
0.442301 -0.344988
0.442237 -0.345146
0.442194 -0.345175
0.442174 -0.345048
0.442179 -0.344782
0.442210 -0.344416
0.442269 -0.343987
0.442357 -0.343534
0.442478 -0.343095
0.442632 -0.342707
0.442821 -0.342410
0.443047 -0.342240
0.443313 -0.342237
0.443619 -0.342437
0.443967 -0.342880
0.444360 -0.343604
0.444799 -0.344645
0.445286 -0.346044
0.445823 -0.347836
0.446408 -0.350025
0.447035 -0.352556
0.447697 -0.355372
0.448388 -0.358413
0.449101 -0.361620
0.449830 -0.364934
0.450566 -0.368298
0.451304 -0.371651
0.452037 -0.374961
0.452758 -0.378247
0.453461 -0.381537
0.454138 -0.384856
0.454783 -0.388231
0.455389 -0.391689
0.455950 -0.395257
0.456459 -0.398955
0.456918 -0.402764
0.457329 -0.406652
0.457696 -0.410585
0.458022 -0.414530
0.458310 -0.418454
0.458564 -0.422324
0.458787 -0.426106
0.458981 -0.429775
0.459151 -0.433361
0.459298 -0.436925
0.459428 -0.440530
0.459542 -0.444236
0.459644 -0.448105
0.459737 -0.452197
0.459824 -0.456575
0.459909 -0.461297
0.459995 -0.466393
0.460085 -0.471876
0.460182 -0.477759
0.460289 -0.484056
0.460411 -0.490780
0.460548 -0.497944
0.460707 -0.505561
0.460888 -0.513635
0.461096 -0.522083
0.461333 -0.530771
0.461603 -0.539565
0.461910 -0.548330
0.462256 -0.556934
0.462644 -0.565241
0.463078 -0.573118
0.463559 -0.580473
0.464079 -0.587332
0.464630 -0.593740
0.465206 -0.599742
0.465798 -0.605385
0.466397 -0.610712
0.466997 -0.615771
0.467588 -0.620606
0.468164 -0.625262
0.468716 -0.629785
0.469237 -0.634221
0.469718 -0.638615
0.470152 -0.643012
0.470530 -0.647458
0.470845 -0.651999
0.471088 -0.656678
0.471256 -0.661510
0.471345 -0.666471
0.471355 -0.671538
0.471283 -0.676684
0.471129 -0.681884
0.470890 -0.687114
0.470564 -0.692348
0.470151 -0.697561
0.469649 -0.702729
0.469055 -0.707826
0.468368 -0.712827
0.467588 -0.717707
0.466711 -0.722441
0.465737 -0.727004
0.464663 -0.731370
0.463490 -0.735521
0.462222 -0.739458
0.460866 -0.743191
0.459428 -0.746729
0.457915 -0.750081
0.456332 -0.753257
0.454687 -0.756266
0.452986 -0.759116
0.451234 -0.761818
0.449440 -0.764379
0.447608 -0.766811
0.445746 -0.769121
0.443860 -0.771319
0.441956 -0.773414
0.440041 -0.775416
0.438121 -0.777333
0.436198 -0.779171
0.434266 -0.780930
0.432319 -0.782608
0.430350 -0.784205
0.428351 -0.785718
0.426316 -0.787146
0.424239 -0.788489
0.422112 -0.789744
0.419929 -0.790911
0.417683 -0.791988
0.415367 -0.792974
0.412974 -0.793867
0.410498 -0.794667
0.407932 -0.795372
0.405269 -0.795980
0.402507 -0.796492
0.399689 -0.796913
0.396880 -0.797254
0.394147 -0.797526
0.391556 -0.797739
0.389172 -0.797904
0.387062 -0.798030
0.385291 -0.798128
0.383917 -0.798209
0.382902 -0.798283
0.382153 -0.798360
0.381576 -0.798451
0.381076 -0.798566
0.380559 -0.798715
0.379932 -0.798910
0.379100 -0.799160
0.378004 -0.799465
0.376655 -0.799802
0.375075 -0.800147
0.373284 -0.800474
0.371305 -0.800757
0.369157 -0.800971
0.366862 -0.801091
0.364441 -0.801092
0.361915 -0.800948
0.359305 -0.800634
0.356632 -0.800124
0.353918 -0.799393
0.351183 -0.798416
0.348449 -0.797168
0.345736 -0.795622
0.343065 -0.793758
0.340454 -0.791590
0.337918 -0.789155
0.335473 -0.786490
0.333133 -0.783632
0.330914 -0.780618
0.328830 -0.777485
0.326899 -0.774271
0.325134 -0.771010
0.323551 -0.767713
0.322165 -0.764375
0.320992 -0.760988
0.320047 -0.757545
0.319345 -0.754042
0.318902 -0.750471
0.318732 -0.746826
0.318851 -0.743100
0.319255 -0.739271
0.319929 -0.735303
0.320854 -0.731163
0.322014 -0.726817
0.323391 -0.722303
0.324968 -0.717720
0.326727 -0.713172
0.328652 -0.708757
0.330724 -0.704499
0.332926 -0.700360
0.335242 -0.696297
0.337653 -0.692271
0.340143 -0.688239
0.342693 -0.684161
0.345288 -0.679995
0.347916 -0.675711
0.350593 -0.671319
0.353337 -0.666836
0.356166 -0.662277
0.359101 -0.657659
0.362160 -0.652998
0.365362 -0.648310
0.368726 -0.643613
0.372256 -0.638922
0.375919 -0.634253
0.379676 -0.629624
0.383488 -0.625049
0.387316 -0.620547
0.391121 -0.616132
0.394863 -0.611822
0.398506 -0.607631
0.402038 -0.603558
0.405467 -0.599589
0.408803 -0.595707
0.412055 -0.591900
0.415231 -0.588151
0.418340 -0.584445
0.421390 -0.580769
0.424392 -0.577107
0.427353 -0.573445
0.430283 -0.569767
0.433190 -0.566059
0.436084 -0.562305
0.438972 -0.558492
0.441865 -0.554604
0.444770 -0.550627
0.447687 -0.546557
0.450582 -0.542436
0.414571 -0.322229
0.414769 -0.322780
0.414736 -0.323226
0.414481 -0.323575
0.414012 -0.323832
0.413337 -0.324004
0.412464 -0.324096
0.411402 -0.324117
0.410158 -0.324071
0.408742 -0.323966
0.407161 -0.323808
0.405423 -0.323602
0.403538 -0.323356
0.401512 -0.323077
0.399355 -0.322769
0.397075 -0.322441
0.394680 -0.322097
0.392177 -0.321745
0.389574 -0.321391
0.386875 -0.321041
0.384086 -0.320702
0.381213 -0.320380
0.378261 -0.320082
0.375237 -0.319813
0.372146 -0.319581
0.369023 -0.319391
0.365966 -0.319251
0.363079 -0.319166
0.360468 -0.319143
0.358188 -0.319188
0.356178 -0.319308
0.354362 -0.319509
0.352662 -0.319798
0.351024 -0.320189
0.349410 -0.320702
0.347786 -0.321359
0.346114 -0.322181
0.344360 -0.323190
0.342487 -0.324406
0.340461 -0.325851
0.338259 -0.327539
0.335967 -0.329414
0.333729 -0.331389
0.331688 -0.333375
0.329977 -0.335284
0.328598 -0.337027
0.327465 -0.338517
0.326486 -0.339664
0.325587 -0.340448
0.324746 -0.341114
0.323958 -0.341974
0.323213 -0.343336
0.322506 -0.345449
0.321830 -0.348207
0.321176 -0.351381
0.320537 -0.354744
0.319908 -0.358108
0.319280 -0.361365
0.318646 -0.364413
0.317999 -0.367154
0.317332 -0.369554
0.316638 -0.371790
0.315909 -0.374074
0.315139 -0.376618
0.314333 -0.379521
0.313517 -0.382707
0.312718 -0.386087
0.311963 -0.389573
0.311279 -0.393076
0.310693 -0.396506
0.310232 -0.399776
0.309923 -0.402803
0.309794 -0.405597
0.309870 -0.408245
0.310180 -0.410835
0.310750 -0.413454
0.311607 -0.416191
0.312779 -0.419132
0.314291 -0.422366
0.316167 -0.425968
0.318367 -0.429884
0.320822 -0.433991
0.323461 -0.438164
0.326214 -0.442278
0.329011 -0.446207
0.331781 -0.449828
0.334453 -0.453015
0.336973 -0.455673
0.339354 -0.457837
0.341627 -0.459576
0.343826 -0.460962
0.345981 -0.462063
0.348124 -0.462952
0.350289 -0.463697
0.352505 -0.464370
0.354793 -0.465017
0.357148 -0.465640
0.359562 -0.466238
0.362027 -0.466807
0.364536 -0.467345
0.367081 -0.467851
0.369653 -0.468321
0.372247 -0.468753
0.374853 -0.469145
0.377464 -0.469494
0.380073 -0.469798
0.382671 -0.470055
0.385251 -0.470261
0.387806 -0.470415
0.390328 -0.470515
0.392809 -0.470556
0.395261 -0.470530
0.397700 -0.470424
0.400148 -0.470222
0.402623 -0.469911
0.405143 -0.469477
0.407729 -0.468907
0.410400 -0.468187
0.413163 -0.467305
0.415950 -0.466266
0.418663 -0.465081
0.421204 -0.463764
0.423490 -0.462324
0.425593 -0.460774
0.427682 -0.459126
0.429929 -0.457390
0.432468 -0.455576
0.435260 -0.453683
0.438210 -0.451706
0.441225 -0.449639
0.444210 -0.447478
0.447072 -0.445217
0.449715 -0.442852
0.452046 -0.440377
0.454001 -0.437787
0.455607 -0.435078
0.456909 -0.432245
0.457952 -0.429281
0.458779 -0.426183
0.459435 -0.422945
0.459965 -0.419562
0.460413 -0.416030
0.460800 -0.412348
0.461107 -0.408529
0.461309 -0.404584
0.461381 -0.400526
0.461299 -0.396368
0.461037 -0.392122
0.460572 -0.387800
0.459880 -0.383415
0.458962 -0.379015
0.457855 -0.374682
0.456595 -0.370505
0.455219 -0.366569
0.453764 -0.362962
0.452265 -0.359771
0.450761 -0.357083
0.449287 -0.354976
0.447867 -0.353417
0.446517 -0.352284
0.445252 -0.351456
0.444086 -0.350808
0.443035 -0.350217
0.442113 -0.349560
0.441336 -0.348714
0.440715 -0.347584
0.440236 -0.346262
0.439875 -0.344911
0.439609 -0.343695
0.439414 -0.342758
0.439265 -0.342082
0.439141 -0.341574
0.439016 -0.341138
0.438874 -0.340697
0.438719 -0.340240
0.438561 -0.339771
0.438408 -0.339292
0.438269 -0.338807
0.438154 -0.338318
0.438072 -0.337828
0.438032 -0.337340
0.438043 -0.336904
0.438114 -0.336634
0.438255 -0.336650
0.438473 -0.337074
0.438780 -0.338027
0.439182 -0.339628
0.439691 -0.341998
0.440314 -0.345239
0.441046 -0.349200
0.441875 -0.353552
0.442788 -0.357963
0.443772 -0.362112
0.444813 -0.365876
0.445898 -0.369328
0.447015 -0.372548
0.448151 -0.375622
0.449291 -0.378697
0.450424 -0.381948
0.451536 -0.385550
0.452614 -0.389664
0.453645 -0.394221
0.454616 -0.398951
0.455513 -0.403579
0.456326 -0.407864
0.457055 -0.411762
0.457704 -0.415313
0.458279 -0.418554
0.458785 -0.421524
0.459226 -0.424259
0.459607 -0.426798
0.459933 -0.429178
0.460208 -0.431439
0.460439 -0.433617
0.460629 -0.435750
0.460784 -0.437876
0.460908 -0.440034
0.461007 -0.442261
0.461084 -0.444594
0.461145 -0.447073
0.461194 -0.449726
0.461232 -0.452571
0.461260 -0.455624
0.461280 -0.458902
0.461293 -0.462419
0.461300 -0.466193
0.461302 -0.470238
0.461301 -0.474570
0.461297 -0.479158
0.461294 -0.483937
0.461290 -0.488839
0.461289 -0.493798
0.461290 -0.498746
0.461296 -0.503616
0.461308 -0.508341
0.461326 -0.512861
0.461353 -0.517181
0.461389 -0.521339
0.461436 -0.525373
0.461496 -0.529319
0.461568 -0.533215
0.461655 -0.537099
0.461758 -0.541009
0.461878 -0.544976
0.462017 -0.549011
0.462176 -0.553116
0.462355 -0.557296
0.462557 -0.561554
0.462782 -0.565893
0.463033 -0.570317
0.463309 -0.574829
0.463612 -0.579430
0.463936 -0.584104
0.464279 -0.588839
0.464636 -0.593619
0.465002 -0.598428
0.465373 -0.603253
0.465745 -0.608079
0.466113 -0.612890
0.466474 -0.617685
0.466822 -0.622478
0.467154 -0.627285
0.467465 -0.632121
0.467751 -0.637003
0.468008 -0.641944
0.468231 -0.646962
0.468416 -0.652067
0.468558 -0.657226
0.468656 -0.662369
0.468703 -0.667428
0.468698 -0.672335
0.468635 -0.677020
0.468512 -0.681415
0.468324 -0.685452
0.468068 -0.689082
0.467740 -0.692367
0.467336 -0.695400
0.466852 -0.698278
0.466286 -0.701093
0.465632 -0.703941
0.464888 -0.706915
0.464050 -0.710111
0.463115 -0.713584
0.462088 -0.717286
0.460974 -0.721152
0.459778 -0.725116
0.458505 -0.729115
0.457160 -0.733082
0.455748 -0.736952
0.454274 -0.740660
0.452743 -0.744168
0.451160 -0.747488
0.449530 -0.750637
0.447858 -0.753632
0.446149 -0.756490
0.444407 -0.759230
0.442639 -0.761868
0.440848 -0.764420
0.439030 -0.766878
0.437170 -0.769211
0.435253 -0.771387
0.433266 -0.773373
0.431192 -0.775137
0.429018 -0.776646
0.426728 -0.777867
0.424310 -0.778773
0.421766 -0.779384
0.419110 -0.779753
0.416355 -0.779930
0.413515 -0.779969
0.410603 -0.779920
0.407632 -0.779836
0.404616 -0.779770
0.401569 -0.779765
0.398500 -0.779822
0.395421 -0.779926
0.392341 -0.780063
0.389272 -0.780218
0.386222 -0.780376
0.383203 -0.780524
0.380226 -0.780645
0.377299 -0.780726
0.374434 -0.780751
0.371640 -0.780707
0.368929 -0.780578
0.366310 -0.780350
0.363794 -0.780009
0.361391 -0.779538
0.359112 -0.778925
0.356946 -0.778162
0.354847 -0.777256
0.352759 -0.776219
0.350629 -0.775061
0.348403 -0.773793
0.346027 -0.772423
0.343447 -0.770964
0.340612 -0.769425
0.337535 -0.767816
0.334299 -0.766148
0.330990 -0.764432
0.327694 -0.762677
0.324497 -0.760895
0.321486 -0.759095
0.318746 -0.757287
0.316359 -0.755481
0.314341 -0.753672
0.312670 -0.751843
0.311321 -0.749981
0.310272 -0.748069
0.309499 -0.746093
0.308979 -0.744039
0.308689 -0.741890
0.308604 -0.739634
0.308701 -0.737284
0.308958 -0.734858
0.309350 -0.732379
0.309854 -0.729867
0.310447 -0.727342
0.311105 -0.724825
0.311805 -0.722338
0.312529 -0.719898
0.313277 -0.717514
0.314054 -0.715192
0.314864 -0.712941
0.315712 -0.710765
0.316602 -0.708673
0.317539 -0.706671
0.318526 -0.704766
0.319569 -0.702945
0.320672 -0.701158
0.321839 -0.699347
0.323075 -0.697457
0.324384 -0.695430
0.325771 -0.693211
0.327239 -0.690742
0.328795 -0.687969
0.330473 -0.684843
0.332345 -0.681331
0.334489 -0.677399
0.336978 -0.673016
0.339799 -0.668266
0.342770 -0.663446
0.345693 -0.658877
0.348375 -0.654865
0.350763 -0.651463
0.352917 -0.648510
0.354901 -0.645836
0.356780 -0.643272
0.358607 -0.640708
0.360422 -0.638099
0.362266 -0.635403
0.364177 -0.632584
0.366181 -0.629647
0.368295 -0.626625
0.370537 -0.623548
0.372925 -0.620449
0.375476 -0.617361
0.378208 -0.614315
0.381138 -0.611345
0.384278 -0.608471
0.387608 -0.605669
0.391097 -0.602893
0.394714 -0.600099
0.398427 -0.597244
0.402207 -0.594282
0.406022 -0.591171
0.409840 -0.587864
0.413637 -0.584334
0.417402 -0.580601
0.421131 -0.576693
0.424818 -0.572641
0.428456 -0.568476
0.432042 -0.564226
0.435568 -0.559924
0.439030 -0.555597
0.442422 -0.551277
0.445738 -0.546994
0.448973 -0.542777
0.452121 -0.538657
0.455177 -0.534664
0.458134 -0.530828
0.460988 -0.527178
0.463734 -0.523742
0.466373 -0.520485
0.468916 -0.517317
0.471371 -0.514150
0.473749 -0.510893
0.476060 -0.507456
0.478312 -0.503750
0.480515 -0.499685
0.482680 -0.495182
0.484815 -0.490273
0.486930 -0.485052
0.489035 -0.479610
0.491139 -0.474040
0.493252 -0.468437
0.495384 -0.462892
0.497544 -0.457499
0.499741 -0.452333
0.501977 -0.447395
0.504253 -0.442664
0.410167 -0.323989
0.411164 -0.323525
0.411581 -0.323045
0.411469 -0.322553
0.410878 -0.322053
0.409860 -0.321549
0.408467 -0.321045
0.406749 -0.320543
0.404758 -0.320049
0.402545 -0.319567
0.400162 -0.319099
0.397658 -0.318650
0.395087 -0.318223
0.392498 -0.317823
0.389943 -0.317453
0.387473 -0.317117
0.385140 -0.316820
0.382973 -0.316564
0.380955 -0.316353
0.379064 -0.316192
0.377277 -0.316085
0.375573 -0.316034
0.373929 -0.316045
0.372322 -0.316120
0.370731 -0.316264
0.369134 -0.316480
0.367507 -0.316772
0.365828 -0.317145
0.364076 -0.317602
0.362228 -0.318146
0.360262 -0.318782
0.358155 -0.319514
0.355886 -0.320344
0.353468 -0.321271
0.350962 -0.322281
0.348429 -0.323362
0.345931 -0.324502
0.343532 -0.325687
0.341294 -0.326904
0.339280 -0.328141
0.337548 -0.329385
0.336095 -0.330624
0.334859 -0.331844
0.333775 -0.333032
0.332779 -0.334176
0.331807 -0.335264
0.330793 -0.336281
0.329674 -0.337216
0.328389 -0.338061
0.326930 -0.338865
0.325322 -0.339714
0.323589 -0.340698
0.321757 -0.341903
0.319851 -0.343417
0.317897 -0.345327
0.315919 -0.347722
0.313944 -0.350670
0.311996 -0.354102
0.310101 -0.357885
0.308283 -0.361887
0.306569 -0.365979
0.304984 -0.370051
0.303552 -0.374020
0.302299 -0.377857
0.301239 -0.381549
0.300365 -0.385094
0.299670 -0.388493
0.299145 -0.391744
0.298783 -0.394848
0.298574 -0.397805
0.298512 -0.400615
0.298588 -0.403277
0.298794 -0.405792
0.299122 -0.408159
0.299564 -0.410379
0.300111 -0.412451
0.300757 -0.414375
0.301491 -0.416152
0.302308 -0.417780
0.303198 -0.419261
0.304153 -0.420605
0.305165 -0.421827
0.306227 -0.422943
0.307330 -0.423967
0.308465 -0.424916
0.309626 -0.425805
0.310804 -0.426649
0.311990 -0.427463
0.313178 -0.428251
0.314358 -0.429013
0.315522 -0.429750
0.316663 -0.430459
0.317773 -0.431142
0.318842 -0.431797
0.319865 -0.432425
0.320832 -0.433025
0.321751 -0.433601
0.322630 -0.434158
0.323480 -0.434701
0.324309 -0.435235
0.325128 -0.435765
0.325945 -0.436296
0.326772 -0.436832
0.327617 -0.437379
0.328491 -0.437942
0.329403 -0.438526
0.330362 -0.439136
0.331378 -0.439776
0.332462 -0.440452
0.333622 -0.441169
0.334868 -0.441931
0.336208 -0.442740
0.337636 -0.443581
0.339143 -0.444433
0.340721 -0.445276
0.342359 -0.446090
0.344050 -0.446854
0.345785 -0.447548
0.347554 -0.448152
0.349350 -0.448654
0.351162 -0.449065
0.352982 -0.449398
0.354802 -0.449668
0.356611 -0.449888
0.358402 -0.450073
0.360166 -0.450237
0.361897 -0.450393
0.363638 -0.450544
0.365458 -0.450687
0.367428 -0.450819
0.369618 -0.450935
0.372101 -0.451034
0.374946 -0.451110
0.378223 -0.451162
0.381985 -0.451185
0.386153 -0.451176
0.390604 -0.451132
0.395210 -0.451050
0.399848 -0.450925
0.404392 -0.450755
0.408716 -0.450536
0.412695 -0.450264
0.416227 -0.449937
0.419319 -0.449551
0.422010 -0.449103
0.424341 -0.448589
0.426350 -0.448005
0.428078 -0.447349
0.429563 -0.446617
0.430846 -0.445806
0.431967 -0.444912
0.432963 -0.443931
0.433877 -0.442862
0.434746 -0.441699
0.435611 -0.440439
0.436511 -0.439080
0.437486 -0.437618
0.438575 -0.436050
0.439799 -0.434373
0.441136 -0.432589
0.442562 -0.430701
0.444050 -0.428712
0.445573 -0.426622
0.447106 -0.424435
0.448621 -0.422153
0.450094 -0.419778
0.451498 -0.417316
0.452806 -0.414779
0.453992 -0.412179
0.455031 -0.409526
0.455896 -0.406833
0.456561 -0.404111
0.457000 -0.401371
0.457188 -0.398625
0.457127 -0.395880
0.456836 -0.393142
0.456336 -0.390414
0.455648 -0.387704
0.454792 -0.385014
0.453789 -0.382351
0.452659 -0.379718
0.451424 -0.377124
0.450103 -0.374585
0.448718 -0.372125
0.447288 -0.369768
0.445835 -0.367537
0.444378 -0.365457
0.442940 -0.363550
0.441539 -0.361838
0.440190 -0.360264
0.438896 -0.358660
0.437660 -0.356853
0.436487 -0.354668
0.435378 -0.352039
0.434338 -0.349115
0.433368 -0.346070
0.432474 -0.343079
0.431657 -0.340320
0.430921 -0.337969
0.430270 -0.336205
0.429705 -0.335203
0.429231 -0.334943
0.428851 -0.335136
0.428568 -0.335472
0.428385 -0.335657
0.428300 -0.335606
0.428308 -0.335375
0.428406 -0.335023
0.428588 -0.334608
0.428850 -0.334188
0.429186 -0.333823
0.429594 -0.333571
0.430067 -0.333491
0.430601 -0.333641
0.431192 -0.334080
0.431835 -0.334867
0.432526 -0.336060
0.433259 -0.337719
0.434030 -0.339901
0.434834 -0.342665
0.435667 -0.346036
0.436524 -0.349901
0.437400 -0.354111
0.438289 -0.358518
0.439186 -0.362976
0.440086 -0.367337
0.440985 -0.371453
0.441877 -0.375176
0.442757 -0.378415
0.443619 -0.381226
0.444459 -0.383691
0.445272 -0.385892
0.446053 -0.387910
0.446796 -0.389827
0.447496 -0.391725
0.448149 -0.393685
0.448751 -0.395762
0.449303 -0.397951
0.449809 -0.400241
0.450269 -0.402621
0.450687 -0.405080
0.451064 -0.407607
0.451402 -0.410191
0.451703 -0.412820
0.451970 -0.415484
0.452204 -0.418171
0.452407 -0.420870
0.452583 -0.423570
0.452732 -0.426260
0.452857 -0.428928
0.452959 -0.431565
0.453042 -0.434161
0.453106 -0.436731
0.453153 -0.439298
0.453184 -0.441885
0.453201 -0.444513
0.453204 -0.447206
0.453195 -0.449987
0.453176 -0.452877
0.453148 -0.455900
0.453112 -0.459078
0.453070 -0.462434
0.453022 -0.465990
0.452971 -0.469770
0.452917 -0.473796
0.452862 -0.478089
0.452808 -0.482674
0.452755 -0.487549
0.452705 -0.492653
0.452660 -0.497919
0.452620 -0.503276
0.452587 -0.508655
0.452562 -0.513989
0.452547 -0.519208
0.452543 -0.524243
0.452552 -0.529056
0.452574 -0.533658
0.452611 -0.538069
0.452665 -0.542305
0.452737 -0.546383
0.452827 -0.550322
0.452938 -0.554138
0.453071 -0.557849
0.453226 -0.561472
0.453400 -0.565023
0.453589 -0.568516
0.453792 -0.571967
0.454006 -0.575391
0.454226 -0.578804
0.454452 -0.582220
0.454679 -0.585656
0.454905 -0.589126
0.455127 -0.592646
0.455342 -0.596231
0.455547 -0.599896
0.455739 -0.603657
0.455916 -0.607529
0.456074 -0.611527
0.456211 -0.615666
0.456324 -0.619942
0.456409 -0.624335
0.456465 -0.628827
0.456488 -0.633397
0.456474 -0.638026
0.456422 -0.642695
0.456329 -0.647383
0.456191 -0.652071
0.456006 -0.656730
0.455770 -0.661330
0.455481 -0.665839
0.455137 -0.670226
0.454733 -0.674460
0.454268 -0.678508
0.453737 -0.682342
0.453131 -0.685973
0.452425 -0.689464
0.451599 -0.692882
0.450629 -0.696293
0.449492 -0.699765
0.448165 -0.703364
0.446627 -0.707156
0.444856 -0.711203
0.442862 -0.715491
0.440679 -0.719947
0.438342 -0.724497
0.435884 -0.729065
0.433341 -0.733577
0.430746 -0.737959
0.428134 -0.742135
0.425538 -0.746035
0.422970 -0.749642
0.420430 -0.752977
0.417914 -0.756060
0.415422 -0.758914
0.412951 -0.761559
0.410500 -0.764017
0.408068 -0.766308
0.405651 -0.768451
0.403249 -0.770445
0.400859 -0.772277
0.398481 -0.773936
0.396111 -0.775413
0.393749 -0.776696
0.391392 -0.777773
0.389039 -0.778635
0.386683 -0.779274
0.384303 -0.779700
0.381874 -0.779926
0.379371 -0.779963
0.376770 -0.779824
0.374046 -0.779521
0.371175 -0.779066
0.368133 -0.778472
0.364919 -0.777751
0.361578 -0.776915
0.358159 -0.775976
0.354712 -0.774946
0.351286 -0.773838
0.347930 -0.772664
0.344695 -0.771436
0.341627 -0.770166
0.338753 -0.768845
0.336069 -0.767442
0.333570 -0.765924
0.331252 -0.764260
0.329110 -0.762414
0.327138 -0.760357
0.325333 -0.758053
0.323690 -0.755478
0.322204 -0.752666
0.320870 -0.749698
0.319684 -0.746652
0.318640 -0.743607
0.317735 -0.740642
0.316963 -0.737837
0.316319 -0.735270
0.315802 -0.732949
0.315409 -0.730748
0.315141 -0.728523
0.314999 -0.726133
0.314982 -0.723436
0.315089 -0.720290
0.315322 -0.716552
0.315680 -0.712087
0.316162 -0.706929
0.316770 -0.701289
0.317502 -0.695388
0.318359 -0.689447
0.319341 -0.683685
0.320448 -0.678323
0.321680 -0.673581
0.323036 -0.669661
0.324513 -0.666525
0.326107 -0.663982
0.327812 -0.661834
0.329623 -0.659888
0.331535 -0.657946
0.333543 -0.655815
0.335642 -0.653298
0.337826 -0.650222
0.340091 -0.646617
0.342432 -0.642615
0.344843 -0.638352
0.347320 -0.633962
0.349857 -0.629579
0.352449 -0.625337
0.355091 -0.621372
0.357771 -0.617789
0.360437 -0.614555
0.363026 -0.611595
0.365477 -0.608829
0.367742 -0.606183
0.369906 -0.603578
0.372115 -0.600937
0.374512 -0.598185
0.377216 -0.595261
0.380216 -0.592187
0.383469 -0.589006
0.386930 -0.585761
0.390554 -0.582495
0.394297 -0.579251
0.398116 -0.576072
0.401965 -0.573001
0.405803 -0.570066
0.409600 -0.567252
0.413324 -0.564540
0.416946 -0.561909
0.420434 -0.559340
0.423760 -0.556812
0.426891 -0.554304
0.429798 -0.551798
0.432481 -0.549273
0.434997 -0.546708
0.437411 -0.544084
0.439790 -0.541380
0.442199 -0.538576
0.444703 -0.535652
0.447368 -0.532588
0.450243 -0.529371
0.453289 -0.526027
0.456438 -0.522594
