0.695039 -0.448392
0.696716 -0.451054
0.698484 -0.453728
0.700306 -0.456341
0.702147 -0.458820
0.703970 -0.461095
0.705737 -0.463093
0.707425 -0.464765
0.709046 -0.466150
0.710625 -0.467309
0.712186 -0.468301
0.713752 -0.469187
0.715348 -0.470026
0.716997 -0.470878
0.718724 -0.471802
0.720550 -0.472803
0.722493 -0.473844
0.724572 -0.474883
0.726807 -0.475881
0.729216 -0.476797
0.731818 -0.477591
0.734631 -0.478222
0.737675 -0.478651
0.740968 -0.478854
0.744529 -0.478821
0.748378 -0.478545
0.752532 -0.478019
0.757012 -0.477234
0.761834 -0.476184
0.767019 -0.474859
0.772557 -0.473262
0.778306 -0.471437
0.784090 -0.469441
0.789731 -0.467331
0.795076 -0.465162
0.800098 -0.462992
0.804807 -0.460877
0.809214 -0.458873
0.813340 -0.457015
0.817253 -0.455233
0.821036 -0.453430
0.824770 -0.451508
0.828537 -0.449371
0.832420 -0.446922
0.836500 -0.444062
0.840859 -0.440696
0.845566 -0.436741
0.850604 -0.432206
0.855926 -0.427136
0.861487 -0.421575
0.867238 -0.415567
0.873134 -0.409155
0.879127 -0.402384
0.885171 -0.395297
0.891218 -0.387939
0.897225 -0.380353
0.903145 -0.372584
0.908935 -0.364675
0.914550 -0.356671
0.919946 -0.348615
0.925077 -0.340551
0.929900 -0.332523
0.934395 -0.324563
0.938582 -0.316687
0.942483 -0.308908
0.946119 -0.301240
0.949514 -0.293695
0.952689 -0.286289
0.955666 -0.279033
0.958468 -0.271943
0.961117 -0.265008
0.963634 -0.258175
0.966043 -0.251386
0.968365 -0.244580
0.970623 -0.237699
0.972838 -0.230684
0.975033 -0.223475
0.977227 -0.216023
0.979415 -0.208349
0.981581 -0.200512
0.983707 -0.192570
0.985777 -0.184583
0.987772 -0.176609
0.989677 -0.168706
0.991474 -0.160934
0.993147 -0.153347
0.994677 -0.145944
0.996048 -0.138682
0.997244 -0.131514
0.998246 -0.124395
0.999038 -0.117281
0.999604 -0.110126
0.999925 -0.102885
1.000000 -0.095553
0.999849 -0.088191
0.999497 -0.080867
0.998966 -0.073651
0.998281 -0.066610
0.997465 -0.059813
0.996542 -0.053328
0.995536 -0.047224
0.994470 -0.041562
0.993368 -0.036386
0.992254 -0.031737
0.991151 -0.027653
0.990084 -0.024176
0.989075 -0.021346
0.988149 -0.019203
0.987328 -0.017779
0.986605 -0.017004
0.985961 -0.016744
0.985371 -0.016860
0.984816 -0.017214
0.984271 -0.017669
0.983716 -0.018087
0.983127 -0.018331
0.982484 -0.018273
0.981762 -0.017906
0.980941 -0.017298
0.979999 -0.016518
0.978912 -0.015639
0.977659 -0.014728
0.976218 -0.013857
0.974566 -0.013096
0.972689 -0.012500
0.970594 -0.012077
0.968293 -0.011827
0.965799 -0.011747
0.963124 -0.011837
0.960279 -0.012096
0.957278 -0.012522
0.954133 -0.013114
0.950855 -0.013871
0.947457 -0.014791
0.943951 -0.015874
0.940350 -0.017119
0.936666 -0.018523
0.932910 -0.020086
0.929095 -0.021806
0.925234 -0.023683
0.921342 -0.025715
0.917435 -0.027901
0.913532 -0.030240
0.909648 -0.032731
0.905801 -0.035371
0.902008 -0.038161
0.898286 -0.041098
0.894651 -0.044183
0.891122 -0.047412
0.887714 -0.050786
0.884446 -0.054303
0.881334 -0.057962
0.878394 -0.061761
0.875645 -0.065700
0.873103 -0.069777
0.870778 -0.073994
0.868661 -0.078363
0.866742 -0.082894
0.865013 -0.087599
0.863462 -0.092489
0.862079 -0.097576
0.860855 -0.102872
0.859779 -0.108388
0.858841 -0.114135
0.858031 -0.120125
0.857340 -0.126370
0.856756 -0.132881
0.856270 -0.139670
0.855872 -0.146747
0.855551 -0.154125
0.855299 -0.161809
0.855108 -0.169737
0.854972 -0.177813
0.854889 -0.185942
0.854851 -0.194027
0.854854 -0.201971
0.854894 -0.209677
0.854965 -0.217051
0.855062 -0.224002
0.855180 -0.230555
0.855314 -0.236813
0.855460 -0.242882
0.855611 -0.248866
0.855764 -0.254871
0.855913 -0.261003
0.856053 -0.267366
0.856183 -0.274030
0.856316 -0.280967
0.856466 -0.288136
0.856645 -0.295494
0.856868 -0.303000
0.857147 -0.310612
0.857498 -0.318288
0.857933 -0.325985
0.858466 -0.333663
0.859112 -0.341278
0.859882 -0.348790
0.860792 -0.356155
0.861854 -0.363333
0.863083 -0.370280
0.864493 -0.376956
0.866095 -0.383321
0.867887 -0.389378
0.869849 -0.395175
0.871962 -0.400763
0.874206 -0.406190
0.876560 -0.411507
0.879005 -0.416764
0.881520 -0.422009
0.884086 -0.427288
0.886683 -0.432569
0.889291 -0.437743
0.891890 -0.442698
0.894460 -0.447322
0.896981 -0.451503
0.899433 -0.455131
0.901796 -0.458094
0.904056 -0.460326
0.906214 -0.461906
0.908274 -0.462938
0.910241 -0.463524
0.912119 -0.463769
0.913913 -0.463777
0.915627 -0.463652
0.917265 -0.463496
0.918832 -0.463392
0.920333 -0.463344
0.921771 -0.463338
0.923151 -0.463363
0.924478 -0.463406
0.925756 -0.463454
0.926989 -0.463496
0.928184 -0.463519
0.929372 -0.463503
0.930604 -0.463426
0.931929 -0.463264
0.933398 -0.462996
0.935061 -0.462598
0.936969 -0.462047
0.939171 -0.461320
0.941713 -0.460397
0.944573 -0.459289
0.947671 -0.458033
0.950927 -0.456668
0.954260 -0.455233
0.957590 -0.453767
0.960836 -0.452306
0.963918 -0.450891
0.966773 -0.449551
0.969398 -0.448291
0.971800 -0.447108
0.973991 -0.446001
0.975979 -0.444968
0.977773 -0.444006
0.979383 -0.443114
0.980819 -0.442289
0.982089 -0.441530
0.983203 -0.440835
0.984170 -0.440202
0.985000 -0.439628
0.985702 -0.439113
0.986284 -0.438653
0.986758 -0.438247
0.987132 -0.437893
0.987414 -0.437589
0.987616 -0.437333
0.987745 -0.437123
0.987812 -0.436956
0.987825 -0.436833
0.987795 -0.436749
0.987729 -0.436703
0.987639 -0.436693
0.987532 -0.436718
0.987419 -0.436775
0.987308 -0.436862
0.987209 -0.436977
0.987132 -0.437119
0.987085 -0.437285
0.987079 -0.437473
0.800006 -0.455892
0.804330 -0.453038
0.808669 -0.450088
0.813013 -0.447070
0.817350 -0.444015
0.821671 -0.440952
0.825966 -0.437909
0.830223 -0.434918
0.834432 -0.432006
0.838584 -0.429204
0.842666 -0.426540
0.846670 -0.424045
0.850584 -0.421747
0.854399 -0.419676
0.858109 -0.417843
0.861741 -0.416159
0.865330 -0.414508
0.868913 -0.412771
0.872524 -0.410830
0.876201 -0.408568
0.879978 -0.405866
0.883891 -0.402607
0.887944 -0.398757
0.892083 -0.394444
0.896243 -0.389813
0.900364 -0.385011
0.904382 -0.380183
0.908234 -0.375477
0.911859 -0.371038
0.915194 -0.367010
0.918223 -0.363430
0.920980 -0.360207
0.923508 -0.357239
0.925844 -0.354427
0.928029 -0.351670
0.930103 -0.348867
0.932106 -0.345919
0.934075 -0.342730
0.936024 -0.339280
0.937945 -0.335603
0.939833 -0.331735
0.941681 -0.327709
0.943484 -0.323562
0.945234 -0.319329
0.946925 -0.315044
0.948552 -0.310738
0.950116 -0.306404
0.951624 -0.302021
0.953080 -0.297566
0.954490 -0.293015
0.955858 -0.288347
0.957191 -0.283538
0.958493 -0.278566
0.959770 -0.273420
0.961027 -0.268130
0.962270 -0.262740
0.963503 -0.257290
0.964731 -0.251824
0.965961 -0.246383
0.967198 -0.241011
0.968446 -0.235749
0.969709 -0.230651
0.970981 -0.225806
0.972257 -0.221306
0.973530 -0.217246
0.974796 -0.213656
0.976047 -0.210294
0.977278 -0.206845
0.978483 -0.202994
0.979657 -0.198609
0.980798 -0.193868
0.981903 -0.188979
0.982970 -0.184149
0.983997 -0.179525
0.984980 -0.175088
0.985918 -0.170793
0.986809 -0.166595
0.987652 -0.162451
0.988449 -0.158318
0.989203 -0.154155
0.989916 -0.149920
0.990589 -0.145572
0.991226 -0.141068
0.991829 -0.136368
0.992399 -0.131432
0.992940 -0.126278
0.993452 -0.120961
0.993939 -0.115535
0.994403 -0.110056
0.994846 -0.104579
0.995270 -0.099159
0.995677 -0.093852
0.996069 -0.088708
0.996444 -0.083737
0.996797 -0.078933
0.997124 -0.074288
0.997419 -0.069795
0.997679 -0.065448
0.997900 -0.061240
0.998076 -0.057163
0.998203 -0.053216
0.998277 -0.049414
0.998293 -0.045777
0.998247 -0.042325
0.998134 -0.039078
0.997949 -0.036055
0.997690 -0.033275
0.997350 -0.030759
0.996925 -0.028509
0.996411 -0.026508
0.995804 -0.024737
0.995098 -0.023175
0.994290 -0.021805
0.993375 -0.020606
0.992348 -0.019558
0.991205 -0.018643
0.989942 -0.017842
0.988554 -0.017133
0.987036 -0.016499
0.985385 -0.015920
0.983595 -0.015377
0.981662 -0.014849
0.979582 -0.014318
0.977345 -0.013767
0.974902 -0.013205
0.972181 -0.012654
0.969112 -0.012136
0.965629 -0.011671
0.961772 -0.011284
0.957669 -0.010994
0.953453 -0.010824
0.949241 -0.010796
0.945055 -0.010932
0.940876 -0.011253
0.936688 -0.011782
0.932474 -0.012540
0.928217 -0.013548
0.923898 -0.014830
0.919502 -0.016406
0.915030 -0.018287
0.910550 -0.020443
0.906145 -0.022835
0.901896 -0.025423
0.897868 -0.028172
0.894059 -0.031051
0.890450 -0.034032
0.887021 -0.037090
0.883771 -0.040214
0.880726 -0.043423
0.877911 -0.046740
0.875353 -0.050186
0.873079 -0.053781
0.871117 -0.057548
0.869493 -0.061507
0.868231 -0.065683
0.867309 -0.070137
0.866668 -0.074965
0.866242 -0.080264
0.865970 -0.086124
0.865788 -0.092502
0.865634 -0.099223
0.865443 -0.106106
0.865162 -0.112981
0.864789 -0.119754
0.864343 -0.126359
0.863846 -0.132732
0.863317 -0.138807
0.862777 -0.144520
0.862246 -0.149805
0.861744 -0.154597
0.861288 -0.158897
0.860879 -0.162970
0.860515 -0.167146
0.860194 -0.171752
0.859913 -0.177058
0.859670 -0.182991
0.859464 -0.189358
0.859292 -0.195965
0.859151 -0.202653
0.859040 -0.209334
0.858956 -0.215931
0.858897 -0.222365
0.858861 -0.228558
0.858846 -0.234433
0.858849 -0.239911
0.858868 -0.244918
0.858901 -0.249486
0.858945 -0.253766
0.858997 -0.257915
0.859054 -0.262088
0.859113 -0.266443
0.859171 -0.271136
0.859226 -0.276324
0.859274 -0.282148
0.859312 -0.288536
0.859338 -0.295267
0.859349 -0.302115
0.859342 -0.308859
0.859313 -0.315363
0.859261 -0.321562
0.859181 -0.327395
0.859074 -0.332815
0.858950 -0.337876
0.858826 -0.342670
0.858718 -0.347288
0.858642 -0.351824
0.858614 -0.356369
0.858651 -0.361016
0.858770 -0.365858
0.858985 -0.370942
0.859314 -0.376177
0.859773 -0.381445
0.860377 -0.386629
0.861145 -0.391612
0.862090 -0.396274
0.863231 -0.400500
0.864583 -0.404171
0.866138 -0.407244
0.867848 -0.409803
0.869662 -0.411941
0.871528 -0.413754
0.873393 -0.415338
0.875206 -0.416787
0.876914 -0.418197
0.878474 -0.419658
0.879952 -0.421195
0.881510 -0.422782
0.883308 -0.424387
0.885505 -0.425982
0.888111 -0.427536
0.890980 -0.429021
0.893955 -0.430406
0.896884 -0.431665
0.899655 -0.432793
0.902170 -0.433798
0.904335 -0.434688
0.906072 -0.435469
0.907493 -0.436150
0.908812 -0.436737
0.910248 -0.437239
0.911973 -0.437663
0.913986 -0.438016
0.916243 -0.438307
0.918697 -0.438542
0.921304 -0.438728
0.924018 -0.438875
0.926794 -0.438988
0.929586 -0.439076
0.932366 -0.439141
0.935137 -0.439175
0.937909 -0.439168
0.940689 -0.439110
0.943488 -0.438992
0.946313 -0.438803
0.949174 -0.438535
0.952079 -0.438178
0.955040 -0.437721
0.958070 -0.437156
0.961183 -0.436472
0.964394 -0.435659
0.967717 -0.434709
0.971166 -0.433611
0.974756 -0.432355
0.978495 -0.430935
0.982314 -0.429392
0.986080 -0.427803
0.989656 -0.426249
0.992908 -0.424809
0.995700 -0.423562
0.997896 -0.422589
0.999363 -0.421969
1.000000 -0.421761
0.999955 -0.421884
0.999474 -0.422201
0.998804 -0.422574
0.998194 -0.422867
0.997889 -0.422942
0.998138 -0.422660
0.999187 -0.421886
0.693336 -0.468712
0.693945 -0.469386
0.694562 -0.470028
0.695207 -0.470637
0.695898 -0.471210
0.696654 -0.471744
0.697494 -0.472239
0.698437 -0.472692
0.699503 -0.473101
0.700710 -0.473464
0.702077 -0.473778
0.703623 -0.474043
0.705367 -0.474255
0.707329 -0.474413
0.709520 -0.474514
0.711935 -0.474558
0.714564 -0.474540
0.717398 -0.474461
0.720426 -0.474316
0.723639 -0.474105
0.727029 -0.473826
0.730584 -0.473475
0.734297 -0.473052
0.738156 -0.472555
0.742153 -0.471980
0.746278 -0.471326
0.750521 -0.470592
0.754873 -0.469774
0.759324 -0.468872
0.763870 -0.467882
0.768530 -0.466803
0.773339 -0.465631
0.778329 -0.464365
0.783526 -0.463001
0.788884 -0.461537
0.794312 -0.459970
0.799719 -0.458298
0.805029 -0.456518
0.810213 -0.454628
0.815258 -0.452624
0.820148 -0.450505
0.824869 -0.448267
0.829406 -0.445909
0.833746 -0.443426
0.837873 -0.440818
0.841780 -0.438083
0.845483 -0.435226
0.849000 -0.432256
0.852348 -0.429177
0.855546 -0.425996
0.858612 -0.422720
0.861563 -0.419356
0.864419 -0.415909
0.867196 -0.412386
0.869914 -0.408794
0.872590 -0.405139
0.875242 -0.401428
0.877888 -0.397666
0.880547 -0.393862
0.883237 -0.390020
0.885974 -0.386147
0.888767 -0.382245
0.891606 -0.378309
0.894483 -0.374331
0.897389 -0.370308
0.900315 -0.366233
0.903252 -0.362100
0.906191 -0.357903
0.909123 -0.353638
0.912040 -0.349291
0.914931 -0.344844
0.917789 -0.340278
0.920604 -0.335574
0.923367 -0.330712
0.926070 -0.325674
0.928703 -0.320441
0.931258 -0.314995
0.933732 -0.309368
0.936127 -0.303643
0.938448 -0.297902
0.940697 -0.292230
0.942878 -0.286711
0.944994 -0.281429
0.947048 -0.276468
0.949043 -0.271900
0.950983 -0.267670
0.952871 -0.263657
0.954710 -0.259736
0.956504 -0.255783
0.958256 -0.251674
0.959968 -0.247286
0.961645 -0.242496
0.963287 -0.237259
0.964894 -0.231649
0.966464 -0.225745
0.967996 -0.219629
0.969489 -0.213384
0.970941 -0.207089
0.972350 -0.200828
0.973716 -0.194678
0.975036 -0.188672
0.976311 -0.182792
0.977537 -0.177017
0.978715 -0.171327
0.979842 -0.165702
0.980918 -0.160120
0.981940 -0.154563
0.982907 -0.149009
0.983819 -0.143445
0.984674 -0.137861
0.985469 -0.132251
0.986205 -0.126605
0.986880 -0.120916
0.987491 -0.115176
0.988039 -0.109375
0.988521 -0.103511
0.988937 -0.097629
0.989284 -0.091807
0.989562 -0.086126
0.989768 -0.080664
0.989903 -0.075502
0.989964 -0.070717
0.989950 -0.066390
0.989860 -0.062589
0.989695 -0.059255
0.989460 -0.056258
0.989157 -0.053467
0.988790 -0.050751
0.988362 -0.047977
0.987877 -0.045015
0.987339 -0.041733
0.986750 -0.038028
0.986115 -0.034018
0.985436 -0.029925
0.984718 -0.025969
0.983962 -0.022364
0.983174 -0.019199
0.982357 -0.016472
0.981513 -0.014176
0.980638 -0.012300
0.979681 -0.010796
0.978573 -0.009606
0.977246 -0.008669
0.975630 -0.007926
0.973658 -0.007317
0.971260 -0.006783
0.968369 -0.006263
0.964937 -0.005714
0.961018 -0.005155
0.956695 -0.004623
0.952048 -0.004157
0.947160 -0.003795
0.942111 -0.003575
0.936984 -0.003536
0.931858 -0.003714
0.926774 -0.004145
0.921740 -0.004864
0.916764 -0.005903
0.911853 -0.007296
0.907012 -0.009077
0.902250 -0.011279
0.897573 -0.013935
0.892991 -0.017072
0.888548 -0.020637
0.884307 -0.024530
0.880331 -0.028649
0.876684 -0.032892
0.873431 -0.037158
0.870635 -0.041346
0.868361 -0.045353
0.866647 -0.049132
0.865428 -0.052885
0.864605 -0.056884
0.864080 -0.061404
0.863756 -0.066682
0.863534 -0.072720
0.863316 -0.079417
0.863005 -0.086671
0.862535 -0.094348
0.861930 -0.102227
0.861229 -0.110072
0.860472 -0.117648
0.859696 -0.124749
0.858940 -0.131384
0.858244 -0.137655
0.857646 -0.143666
0.857171 -0.149499
0.856811 -0.155190
0.856553 -0.160769
0.856384 -0.166264
0.856291 -0.171705
0.856260 -0.177120
0.856279 -0.182540
0.856334 -0.187994
0.856413 -0.193509
0.856503 -0.199117
0.856590 -0.204845
0.856661 -0.210724
0.856704 -0.216781
0.856705 -0.223047
0.856651 -0.229551
0.856530 -0.236322
0.856340 -0.243415
0.856093 -0.250911
0.855803 -0.258895
0.855482 -0.267447
0.855144 -0.276483
0.854800 -0.285638
0.854464 -0.294522
0.854149 -0.302755
0.853868 -0.310201
0.853633 -0.316949
0.853458 -0.323099
0.853355 -0.328747
0.853337 -0.333993
0.853418 -0.338933
0.853609 -0.343668
0.853922 -0.348276
0.854358 -0.352780
0.854914 -0.357186
0.855590 -0.361498
0.856385 -0.365723
0.857296 -0.369868
0.858324 -0.373938
0.859466 -0.377939
0.860722 -0.381875
0.862089 -0.385744
0.863568 -0.389543
0.865156 -0.393268
0.866852 -0.396918
0.868655 -0.400490
0.870563 -0.403980
0.872577 -0.407386
0.874693 -0.410700
0.876911 -0.413908
0.879229 -0.416995
0.881647 -0.419944
0.884163 -0.422741
0.886776 -0.425371
0.889484 -0.427818
0.892286 -0.430068
0.895181 -0.432113
0.898167 -0.433959
0.901244 -0.435611
0.904410 -0.437073
0.907663 -0.438350
0.911003 -0.439449
0.914429 -0.440373
0.917921 -0.441128
0.921402 -0.441719
0.924786 -0.442154
0.927981 -0.442436
0.930938 -0.442573
0.933798 -0.442571
0.936762 -0.442434
0.940033 -0.442170
0.943726 -0.441783
0.947786 -0.441280
0.952137 -0.440667
0.956702 -0.439949
0.961404 -0.439133
0.966169 -0.438224
0.970918 -0.437228
0.975576 -0.436151
0.980065 -0.435008
0.984300 -0.433827
0.988198 -0.432636
0.991677 -0.431465
0.994653 -0.430343
0.997042 -0.429298
0.998761 -0.428361
0.999731 -0.427559
1.000000 -0.426922
0.999757 -0.426480
0.999197 -0.426261
0.998518 -0.426294
0.997916 -0.426608
0.997587 -0.427233
0.997727 -0.428197
