0.453411 -0.538314
0.456130 -0.534243
0.458698 -0.530273
0.461070 -0.526457
0.463204 -0.522843
0.465057 -0.519484
0.466606 -0.516409
0.467898 -0.513565
0.468995 -0.510884
0.469962 -0.508299
0.470860 -0.505740
0.471752 -0.503138
0.472702 -0.500426
0.473770 -0.497537
0.474985 -0.494443
0.476332 -0.491166
0.477796 -0.487729
0.479362 -0.484155
0.481015 -0.480467
0.482740 -0.476689
0.484521 -0.472843
0.486343 -0.468953
0.488191 -0.465041
0.490049 -0.461132
0.491903 -0.457248
0.493737 -0.453412
0.495535 -0.449648
0.497283 -0.445979
0.498965 -0.442428
0.500568 -0.439015
0.502099 -0.435740
0.503574 -0.432588
0.505013 -0.429544
0.506432 -0.426594
0.507850 -0.423722
0.509286 -0.420914
0.510757 -0.418155
0.512281 -0.415430
0.513876 -0.412724
0.515560 -0.410024
0.517351 -0.407313
0.519267 -0.404577
0.521327 -0.401802
0.523548 -0.398972
0.525948 -0.396073
0.528536 -0.393099
0.531304 -0.390061
0.534240 -0.386975
0.537334 -0.383855
0.540575 -0.380714
0.543950 -0.377567
0.547451 -0.374428
0.551065 -0.371312
0.554781 -0.368232
0.558589 -0.365203
0.562477 -0.362240
0.566435 -0.359355
0.570451 -0.356565
0.574515 -0.353883
0.578615 -0.351322
0.582741 -0.348898
0.586882 -0.346617
0.591027 -0.344478
0.595167 -0.342480
0.599292 -0.340622
0.603390 -0.338904
0.607453 -0.337323
0.611470 -0.335880
0.615430 -0.334572
0.619324 -0.333399
0.623142 -0.332360
0.626873 -0.331453
0.630508 -0.330679
0.634035 -0.330034
0.637445 -0.329520
0.640728 -0.329133
0.643874 -0.328874
0.646870 -0.328736
0.649702 -0.328704
0.652354 -0.328764
0.654813 -0.328899
0.657061 -0.329095
0.659085 -0.329336
0.660869 -0.329608
0.662399 -0.329894
0.663659 -0.330180
0.664633 -0.330451
0.665308 -0.330690
0.665668 -0.330884
0.665697 -0.331016
0.665381 -0.331072
0.664705 -0.331036
0.663662 -0.330898
0.662281 -0.330669
0.660602 -0.330367
0.658662 -0.330006
0.656502 -0.329606
0.654160 -0.329181
0.651675 -0.328750
0.649086 -0.328329
0.646428 -0.327934
0.643712 -0.327583
0.640943 -0.327293
0.638122 -0.327079
0.635255 -0.326960
0.632344 -0.326952
0.629392 -0.327071
0.626403 -0.327334
0.623385 -0.327747
0.620353 -0.328307
0.617321 -0.329005
0.614302 -0.329839
0.611312 -0.330801
0.608364 -0.331886
0.605473 -0.333088
0.602654 -0.334402
0.599905 -0.335823
0.597214 -0.337344
0.594561 -0.338960
0.591931 -0.340666
0.589307 -0.342456
0.586673 -0.344324
0.584011 -0.346264
0.581307 -0.348274
0.578565 -0.350370
0.575797 -0.352578
0.573017 -0.354924
0.570237 -0.357434
0.567471 -0.360136
0.564731 -0.363056
0.562031 -0.366218
0.559383 -0.369648
0.556800 -0.373328
0.554295 -0.377215
0.551882 -0.381266
0.549572 -0.385438
0.547379 -0.389687
0.545317 -0.393971
0.543397 -0.398245
0.541633 -0.402476
0.540038 -0.406654
0.538624 -0.410772
0.537406 -0.414824
0.536395 -0.418806
0.535604 -0.422710
0.535047 -0.426532
0.534736 -0.430265
0.534685 -0.433904
0.534906 -0.437442
0.535413 -0.440874
0.536217 -0.444195
0.537333 -0.447397
0.538773 -0.450476
0.540550 -0.453425
0.542675 -0.456240
0.545133 -0.458919
0.547893 -0.461463
0.550922 -0.463876
0.554188 -0.466160
0.557660 -0.468316
0.561306 -0.470346
0.565093 -0.472253
0.568989 -0.474039
0.572963 -0.475706
0.576982 -0.477256
0.581014 -0.478691
0.585028 -0.480013
0.588991 -0.481224
0.592871 -0.482327
0.596636 -0.483323
0.600265 -0.484208
0.603759 -0.484965
0.607124 -0.485571
0.610364 -0.486008
0.613485 -0.486253
0.616493 -0.486287
0.619391 -0.486090
0.622185 -0.485640
0.624881 -0.484917
0.627484 -0.483900
0.629998 -0.482570
0.632429 -0.480904
0.634783 -0.478884
0.637064 -0.476488
0.639277 -0.473696
0.641427 -0.470490
0.643515 -0.466902
0.645536 -0.462999
0.647486 -0.458850
0.649361 -0.454523
0.651158 -0.450087
0.652872 -0.445611
0.654500 -0.441162
0.656037 -0.436806
0.657479 -0.432552
0.658822 -0.428368
0.660063 -0.424222
0.661198 -0.420080
0.662222 -0.415910
0.663131 -0.411680
0.663922 -0.407356
0.664591 -0.402909
0.665142 -0.398332
0.665585 -0.393637
0.665929 -0.388832
0.666182 -0.383930
0.666354 -0.378990
0.666454 -0.374110
0.666491 -0.369391
0.666473 -0.364930
0.666411 -0.360760
0.666312 -0.356860
0.666187 -0.353203
0.666044 -0.349764
0.665892 -0.346518
0.665741 -0.343438
0.665599 -0.340500
0.665473 -0.337690
0.665365 -0.335028
0.665276 -0.332539
0.665207 -0.330248
0.665157 -0.328179
0.665129 -0.326356
0.665122 -0.324805
0.665138 -0.323549
0.665178 -0.322614
0.665241 -0.322024
0.665329 -0.321804
0.665443 -0.321978
0.665583 -0.322572
0.665751 -0.323608
0.665946 -0.325113
0.666170 -0.327108
0.666423 -0.329563
0.666707 -0.332409
0.667022 -0.335573
0.667368 -0.338985
0.667747 -0.342549
0.668160 -0.346152
0.668606 -0.349676
0.669087 -0.353008
0.669604 -0.356113
0.670157 -0.359038
0.670748 -0.361833
0.671376 -0.364550
0.672043 -0.367239
0.672749 -0.369951
0.673496 -0.372737
0.674282 -0.375634
0.675100 -0.378630
0.675941 -0.381704
0.676798 -0.384833
0.677661 -0.387997
0.678522 -0.391173
0.679372 -0.394339
0.680204 -0.397475
0.681008 -0.400558
0.681776 -0.403567
0.682500 -0.406479
0.683171 -0.409274
0.683781 -0.411930
0.684321 -0.414424
0.684782 -0.416735
0.685158 -0.418845
0.685458 -0.420764
0.685701 -0.422519
0.685904 -0.424140
0.686087 -0.425655
0.686269 -0.427092
0.686467 -0.428479
0.686702 -0.429844
0.686990 -0.431216
0.687352 -0.432623
0.687806 -0.434094
0.688370 -0.435656
0.689063 -0.437338
0.689904 -0.439168
0.690911 -0.441175
0.692104 -0.443387
0.693489 -0.445812
0.506572 -0.438120
0.508933 -0.433745
0.511340 -0.429517
0.513793 -0.425416
0.516293 -0.421424
0.518843 -0.417519
0.521442 -0.413682
0.524093 -0.409893
0.526797 -0.406131
0.529555 -0.402378
0.532369 -0.398612
0.535240 -0.394815
0.538169 -0.390966
0.541166 -0.387066
0.544255 -0.383161
0.547465 -0.379301
0.550821 -0.375536
0.554350 -0.371917
0.558081 -0.368494
0.562039 -0.365317
0.566252 -0.362435
0.570746 -0.359846
0.575550 -0.357498
0.580689 -0.355335
0.586191 -0.353301
0.592083 -0.351340
0.598392 -0.349397
0.605145 -0.347416
0.612343 -0.345349
0.619738 -0.343223
0.626949 -0.341103
0.633591 -0.339055
0.639299 -0.337148
0.643928 -0.335447
0.647480 -0.334019
0.649961 -0.332931
0.651419 -0.332224
0.652066 -0.331843
0.652149 -0.331712
0.651919 -0.331753
0.651611 -0.331888
0.651374 -0.332041
0.651326 -0.332133
0.651584 -0.332087
0.652215 -0.331852
0.653083 -0.331481
0.653996 -0.331057
0.654761 -0.330662
0.655187 -0.330379
0.655083 -0.330290
0.654256 -0.330477
0.652515 -0.331023
0.649747 -0.331982
0.646099 -0.333316
0.641768 -0.334969
0.636954 -0.336885
0.631854 -0.339008
0.626666 -0.341281
0.621590 -0.343648
0.616823 -0.346053
0.612496 -0.348453
0.608572 -0.350837
0.604988 -0.353200
0.601681 -0.355536
0.598586 -0.357838
0.595640 -0.360103
0.592780 -0.362323
0.589942 -0.364494
0.587094 -0.366620
0.584241 -0.368721
0.581393 -0.370817
0.578561 -0.372928
0.575755 -0.375074
0.572984 -0.377277
0.570258 -0.379555
0.567589 -0.381930
0.564988 -0.384406
0.562474 -0.386978
0.560062 -0.389640
0.557770 -0.392388
0.555615 -0.395214
0.553613 -0.398113
0.551780 -0.401080
0.550135 -0.404106
0.548693 -0.407165
0.547472 -0.410225
0.546487 -0.413249
0.545757 -0.416205
0.545297 -0.419059
0.545125 -0.421775
0.545257 -0.424320
0.545702 -0.426671
0.546437 -0.428856
0.547424 -0.430918
0.548630 -0.432901
0.550019 -0.434847
0.551556 -0.436801
0.553205 -0.438805
0.554932 -0.440903
0.556711 -0.443115
0.558538 -0.445408
0.560412 -0.447739
0.562334 -0.450065
0.564303 -0.452344
0.566319 -0.454532
0.568382 -0.456587
0.570492 -0.458467
0.572644 -0.460155
0.574826 -0.461661
0.577029 -0.462998
0.579240 -0.464179
0.581448 -0.465214
0.583644 -0.466117
0.585815 -0.466900
0.587951 -0.467574
0.590041 -0.468154
0.592074 -0.468650
0.594038 -0.469075
0.595923 -0.469441
0.597717 -0.469761
0.599410 -0.470047
0.600991 -0.470311
0.602450 -0.470564
0.603795 -0.470802
0.605033 -0.471021
0.606175 -0.471215
0.607231 -0.471377
0.608210 -0.471502
0.609122 -0.471585
0.609977 -0.471618
0.610786 -0.471596
0.611556 -0.471513
0.612299 -0.471364
0.613024 -0.471143
0.613741 -0.470843
0.614460 -0.470459
0.615190 -0.469985
0.615941 -0.469415
0.616721 -0.468747
0.617532 -0.467985
0.618378 -0.467136
0.619261 -0.466203
0.620185 -0.465192
0.621152 -0.464108
0.622165 -0.462956
0.623227 -0.461741
0.624342 -0.460467
0.625511 -0.459141
0.626738 -0.457767
0.628026 -0.456351
0.629378 -0.454896
0.630797 -0.453409
0.632284 -0.451894
0.633843 -0.450353
0.635464 -0.448762
0.637136 -0.447088
0.638846 -0.445300
0.640583 -0.443365
0.642333 -0.441249
0.644087 -0.438922
0.645830 -0.436349
0.647552 -0.433509
0.649240 -0.430411
0.650882 -0.427074
0.652467 -0.423517
0.653982 -0.419758
0.655414 -0.415817
0.656753 -0.411711
0.657986 -0.407459
0.659105 -0.403102
0.660112 -0.398737
0.661011 -0.394468
0.661806 -0.390401
0.662501 -0.386576
0.663099 -0.382820
0.663604 -0.378920
0.664021 -0.374667
0.664353 -0.370028
0.664603 -0.365229
0.664776 -0.360515
0.664875 -0.356129
0.664905 -0.352214
0.664868 -0.348726
0.664770 -0.345608
0.664613 -0.342800
0.664406 -0.340272
0.664161 -0.338016
0.663888 -0.336022
0.663599 -0.334282
0.663305 -0.332786
0.663017 -0.331527
0.662747 -0.330495
0.662506 -0.329682
0.662305 -0.329078
0.662155 -0.328675
0.662068 -0.328464
0.662055 -0.328437
0.662127 -0.328584
0.662295 -0.328898
0.662571 -0.329368
0.662963 -0.330002
0.663461 -0.330881
0.664053 -0.332109
0.664724 -0.333788
0.665462 -0.336021
0.666252 -0.338912
0.667082 -0.342563
0.667937 -0.347077
0.668804 -0.352451
0.669670 -0.358337
0.670521 -0.364317
0.671343 -0.369974
0.672123 -0.374955
0.672848 -0.379226
0.673504 -0.382860
0.674077 -0.385929
0.674561 -0.388521
0.674964 -0.390760
0.675299 -0.392776
0.675575 -0.394699
0.675803 -0.396653
0.675995 -0.398741
0.676161 -0.401062
0.676312 -0.403712
0.676460 -0.406695
0.676615 -0.409886
0.676788 -0.413152
0.676990 -0.416359
0.677232 -0.419371
0.677526 -0.422055
0.677881 -0.424277
0.678308 -0.425910
0.678812 -0.426974
0.679394 -0.427601
0.680051 -0.427931
0.680785 -0.428101
0.681594 -0.428250
0.682478 -0.428515
0.683437 -0.429036
0.684470 -0.429936
0.685577 -0.431216
0.686758 -0.432812
0.688011 -0.434662
0.689337 -0.436700
0.690735 -0.438863
0.692206 -0.441086
0.693747 -0.443306
0.695359 -0.445467
0.697041 -0.447564
0.698791 -0.449610
0.700607 -0.451618
0.702489 -0.453601
0.704434 -0.455572
0.706441 -0.457544
0.708508 -0.459531
0.710632 -0.461536
0.712800 -0.463532
0.714996 -0.465483
0.717206 -0.467355
0.719414 -0.469113
0.721606 -0.470721
0.723766 -0.472146
0.725881 -0.473351
0.727973 -0.474314
0.730145 -0.475035
0.732506 -0.475517
0.735164 -0.475761
0.738229 -0.475772
0.741811 -0.475551
0.746020 -0.475101
0.750959 -0.474425
0.756547 -0.473526
0.762440 -0.472405
0.768274 -0.471067
0.773691 -0.469512
0.778538 -0.467745
0.782985 -0.465768
0.787226 -0.463583
0.791444 -0.461194
0.795707 -0.458621
0.459625 -0.519112
0.462781 -0.515617
0.465840 -0.512150
0.468736 -0.508748
0.471399 -0.505450
0.473787 -0.502274
0.475928 -0.499166
0.477870 -0.496058
0.479659 -0.492880
0.481341 -0.489563
0.482965 -0.486038
0.484576 -0.482236
0.486221 -0.478089
0.487938 -0.473563
0.489736 -0.468730
0.491624 -0.463674
0.493607 -0.458482
0.495693 -0.453240
0.497886 -0.448034
0.500196 -0.442950
0.502627 -0.438074
0.505186 -0.433451
0.507881 -0.429048
0.510717 -0.424824
0.513701 -0.420739
0.516841 -0.416753
0.520141 -0.412825
0.523610 -0.408914
0.527253 -0.404981
0.531064 -0.401022
0.535021 -0.397073
0.539102 -0.393174
0.543285 -0.389363
0.547548 -0.385679
0.551868 -0.382161
0.556224 -0.378848
0.560592 -0.375775
0.564952 -0.372937
0.569281 -0.370305
0.573556 -0.367851
0.577756 -0.365546
0.581858 -0.363363
0.585840 -0.361273
0.589680 -0.359248
0.593363 -0.357262
0.596917 -0.355314
0.600384 -0.353411
0.603806 -0.351557
0.607226 -0.349758
0.610684 -0.348020
0.614224 -0.346349
0.617887 -0.344751
0.621698 -0.343231
0.625598 -0.341795
0.629500 -0.340448
0.633319 -0.339197
0.636971 -0.338047
0.640368 -0.337004
0.643427 -0.336073
0.646065 -0.335261
0.648264 -0.334565
0.650058 -0.333977
0.651484 -0.333492
0.652578 -0.333100
0.653377 -0.332794
0.653917 -0.332567
0.654235 -0.332411
0.654366 -0.332319
0.654347 -0.332283
0.654215 -0.332295
0.654005 -0.332349
0.653755 -0.332436
0.653500 -0.332548
0.653278 -0.332679
0.653123 -0.332821
0.653055 -0.332969
0.652997 -0.333128
0.652846 -0.333308
0.652498 -0.333520
0.651848 -0.333773
0.650792 -0.334076
0.649225 -0.334441
0.647045 -0.334875
0.644187 -0.335390
0.640727 -0.335995
0.636768 -0.336700
0.632414 -0.337514
0.627769 -0.338447
0.622936 -0.339510
0.618021 -0.340711
0.613126 -0.342061
0.608327 -0.343565
0.603635 -0.345214
0.599054 -0.347002
0.594587 -0.348918
0.590235 -0.350955
0.586002 -0.353104
0.581890 -0.355356
0.577903 -0.357702
0.574042 -0.360135
0.570311 -0.362645
0.566713 -0.365223
0.563250 -0.367862
0.559924 -0.370552
0.556740 -0.373285
0.553699 -0.376053
0.550804 -0.378846
0.548062 -0.381664
0.545488 -0.384520
0.543097 -0.387426
0.540902 -0.390395
0.538918 -0.393441
0.537161 -0.396577
0.535645 -0.399816
0.534385 -0.403170
0.533395 -0.406640
0.532690 -0.410212
0.532285 -0.413872
0.532194 -0.417608
0.532432 -0.421404
0.533015 -0.425248
0.533956 -0.429126
0.535258 -0.433016
0.536891 -0.436879
0.538820 -0.440671
0.541009 -0.444348
0.543422 -0.447868
0.546025 -0.451186
0.548782 -0.454259
0.551656 -0.457044
0.554614 -0.459518
0.557618 -0.461688
0.560635 -0.463567
0.563627 -0.465166
0.566561 -0.466497
0.569400 -0.467571
0.572108 -0.468399
0.574653 -0.468995
0.577026 -0.469381
0.579246 -0.469591
0.581333 -0.469658
0.583305 -0.469616
0.585181 -0.469499
0.586981 -0.469341
0.588723 -0.469176
0.590426 -0.469034
0.592110 -0.468920
0.593793 -0.468815
0.595495 -0.468700
0.597235 -0.468558
0.599031 -0.468369
0.600903 -0.468116
0.602869 -0.467780
0.604945 -0.467343
0.607109 -0.466792
0.609331 -0.466115
0.611577 -0.465301
0.613817 -0.464337
0.616017 -0.463213
0.618145 -0.461917
0.620170 -0.460437
0.622067 -0.458762
0.623868 -0.456879
0.625618 -0.454778
0.627366 -0.452446
0.629158 -0.449872
0.631043 -0.447045
0.633067 -0.443953
0.635278 -0.440584
0.637705 -0.436940
0.640299 -0.433082
0.642991 -0.429085
0.645711 -0.425025
0.648389 -0.420978
0.650955 -0.417019
0.653340 -0.413226
0.655474 -0.409673
0.657312 -0.406392
0.658871 -0.403305
0.660176 -0.400318
0.661255 -0.397334
0.662134 -0.394258
0.662838 -0.390996
0.663395 -0.387451
0.663829 -0.383540
0.664156 -0.379301
0.664382 -0.374860
0.664513 -0.370343
0.664558 -0.365874
0.664522 -0.361579
0.664414 -0.357585
0.664239 -0.354017
0.664005 -0.350985
0.663718 -0.348470
0.663386 -0.346378
0.663015 -0.344617
0.662612 -0.343097
0.662185 -0.341725
0.661740 -0.340408
0.661284 -0.339055
0.660824 -0.337588
0.660366 -0.336018
0.659919 -0.334384
0.659489 -0.332730
0.659082 -0.331094
0.658705 -0.329520
0.658366 -0.328047
0.658072 -0.326718
0.657829 -0.325573
0.657644 -0.324654
0.657524 -0.324001
0.657477 -0.323656
0.657508 -0.323660
0.657626 -0.324055
0.657836 -0.324881
0.658146 -0.326180
0.658559 -0.327963
0.659067 -0.330155
0.659659 -0.332661
0.660325 -0.335390
0.661056 -0.338249
0.661840 -0.341144
0.662667 -0.343982
0.663528 -0.346672
0.664412 -0.349196
0.665308 -0.351670
0.666206 -0.354226
0.667097 -0.356995
0.667970 -0.360110
0.668814 -0.363700
0.669619 -0.367898
0.670375 -0.372831
0.671078 -0.378478
0.671727 -0.384627
0.672325 -0.391054
0.672873 -0.397534
0.673372 -0.403845
0.673825 -0.409761
0.674232 -0.415059
0.674595 -0.419533
0.674916 -0.423176
0.675196 -0.426110
0.675436 -0.428455
0.675639 -0.430335
0.675805 -0.431871
0.675937 -0.433186
0.676035 -0.434400
0.676103 -0.435601
0.676149 -0.436797
0.676179 -0.437987
0.676203 -0.439171
0.676226 -0.440348
0.676258 -0.441518
0.676306 -0.442680
0.676378 -0.443833
0.676481 -0.444976
0.676624 -0.446110
0.676813 -0.447234
0.677057 -0.448346
0.677364 -0.449446
0.677741 -0.450534
0.678195 -0.451609
0.678735 -0.452670
0.679359 -0.453717
0.680057 -0.454749
0.680819 -0.455765
0.681635 -0.456765
0.682496 -0.457748
0.683391 -0.458714
0.684311 -0.459662
0.685246 -0.460591
0.686185 -0.461501
0.687119 -0.462391
0.688039 -0.463260
0.688933 -0.464109
0.689792 -0.464935
0.690607 -0.465739
0.691367 -0.466520
0.692066 -0.467277
0.692716 -0.468008
