5.414599999999999969e-02 -6.483440000000000314e-01 9.831800000000000261e-02
5.410500000000000032e-02 -6.485090000000000021e-01 9.952900000000000635e-02
5.409599999999999825e-02 -6.484950000000000436e-01 9.969300000000000384e-02
5.417099999999999693e-02 -6.485419999999999519e-01 1.000069999999999987e-01
5.419899999999999718e-02 -6.488730000000000331e-01 1.035549999999999943e-01
5.427900000000000086e-02 -6.489829999999999766e-01 1.047470000000000068e-01
5.425599999999999867e-02 -6.491740000000000288e-01 1.068069999999999992e-01
5.435899999999999760e-02 -6.493780000000000108e-01 1.091040000000000065e-01
5.445799999999999946e-02 -6.499219999999999997e-01 1.161620000000000014e-01
5.451799999999999702e-02 -6.500529999999999919e-01 1.185269999999999935e-01
5.449099999999999777e-02 -6.503670000000000284e-01 1.228910000000000002e-01
5.460799999999999682e-02 -6.506669999999999954e-01 1.282469999999999999e-01
5.462700000000000194e-02 -6.508479999999999821e-01 1.322329999999999894e-01
5.469700000000000256e-02 -6.509150000000000214e-01 1.333560000000000023e-01
5.466599999999999931e-02 -6.510519999999999641e-01 1.367859999999999909e-01
5.480000000000000149e-02 -6.512949999999999573e-01 1.435740000000000072e-01
5.483699999999999686e-02 -6.515009999999999968e-01 1.529560000000000086e-01
5.480800000000000255e-02 -6.515309999999999713e-01 1.599349999999999938e-01
5.486300000000000204e-02 -6.515509999999999913e-01 1.653169999999999917e-01
5.488300000000000123e-02 -6.514440000000000230e-01 1.748020000000000129e-01
5.480700000000000155e-02 -6.511360000000000481e-01 1.861119999999999997e-01
5.482100000000000167e-02 -6.510650000000000048e-01 1.876909999999999967e-01
5.473499999999999893e-02 -6.509509999999999463e-01 1.904160000000000019e-01
5.478800000000000336e-02 -6.508909999999999973e-01 1.915080000000000116e-01
5.476899999999999824e-02 -6.507830000000000004e-01 1.942599999999999882e-01
5.469199999999999756e-02 -6.505339999999999456e-01 1.991020000000000012e-01
5.464100000000000207e-02 -6.500040000000000262e-01 2.072759999999999880e-01
5.466700000000000031e-02 -6.498800000000000132e-01 2.092199999999999893e-01
5.462499999999999994e-02 -6.495649999999999480e-01 2.130239999999999911e-01
5.467899999999999844e-02 -6.493679999999999453e-01 2.155990000000000129e-01
5.463900000000000007e-02 -6.492809999999999970e-01 2.164850000000000108e-01
5.475700000000000012e-02 -6.490059999999999718e-01 2.196220000000000117e-01
5.476299999999999918e-02 -6.488450000000000051e-01 2.215529999999999999e-01
5.532200000000000312e-02 -6.478450000000000042e-01 2.312140000000000029e-01
5.568700000000000039e-02 -6.473379999999999690e-01 2.355889999999999929e-01
5.586300000000000293e-02 -6.471780000000000310e-01 2.369789999999999952e-01
5.669400000000000134e-02 -6.460169999999999524e-01 2.456659999999999955e-01
5.711800000000000210e-02 -6.454870000000000330e-01 2.494240000000000068e-01
5.795299999999999757e-02 -6.445039999999999658e-01 2.558039999999999758e-01
5.804900000000000337e-02 -6.443330000000000446e-01 2.569779999999999842e-01
5.825700000000000323e-02 -6.441409999999999636e-01 2.581180000000000141e-01
5.835699999999999915e-02 -6.439460000000000184e-01 2.593289999999999762e-01
5.967100000000000182e-02 -6.426549999999999763e-01 2.667180000000000106e-01
6.187499999999999944e-02 -6.405849999999999600e-01 2.776689999999999992e-01
6.246100000000000263e-02 -6.400090000000000501e-01 2.804030000000000133e-01
6.404300000000000270e-02 -6.387410000000000032e-01 2.861349999999999727e-01
6.527299999999999769e-02 -6.378380000000000161e-01 2.898800000000000265e-01
6.721599999999999797e-02 -6.366840000000000277e-01 2.945539999999999825e-01
6.843100000000000571e-02 -6.360170000000000545e-01 2.970039999999999902e-01
7.108000000000000429e-02 -6.347180000000000044e-01 3.014410000000000145e-01
7.325399999999999967e-02 -6.336990000000000123e-01 3.044919999999999849e-01
7.544099999999999417e-02 -6.325990000000000224e-01 3.069830000000000059e-01
7.718600000000000461e-02 -6.316410000000000080e-01 3.087790000000000257e-01
7.936500000000000499e-02 -6.303119999999999834e-01 3.107130000000000170e-01
8.035399999999999487e-02 -6.297180000000000000e-01 3.114790000000000059e-01
8.210599999999999843e-02 -6.286340000000000261e-01 3.126720000000000055e-01
8.347899999999999765e-02 -6.276720000000000077e-01 3.136610000000000231e-01
8.561799999999999966e-02 -6.261379999999999724e-01 3.149899999999999922e-01
8.821700000000000375e-02 -6.241349999999999953e-01 3.163590000000000013e-01
9.124400000000000566e-02 -6.216599999999999904e-01 3.177639999999999909e-01
9.282899999999999485e-02 -6.203429999999999778e-01 3.184350000000000236e-01
9.406399999999999484e-02 -6.193220000000000391e-01 3.188549999999999995e-01
9.644999999999999407e-02 -6.172269999999999701e-01 3.197619999999999907e-01
9.932000000000000550e-02 -6.146740000000000537e-01 3.206100000000000061e-01
1.037840000000000013e-01 -6.104910000000000059e-01 3.218039999999999790e-01
1.066399999999999987e-01 -6.077609999999999957e-01 3.223719999999999919e-01
1.114689999999999986e-01 -6.029609999999999692e-01 3.231660000000000088e-01
1.150609999999999966e-01 -5.993100000000000094e-01 3.236120000000000108e-01
1.181819999999999954e-01 -5.961020000000000207e-01 3.239009999999999945e-01
1.236379999999999979e-01 -5.905489999999999906e-01 3.242200000000000082e-01
1.259480000000000044e-01 -5.882230000000000514e-01 3.242829999999999879e-01
1.309710000000000041e-01 -5.832979999999999832e-01 3.242570000000000174e-01
1.344529999999999892e-01 -5.800269999999999593e-01 3.241820000000000257e-01
1.390800000000000092e-01 -5.757710000000000328e-01 3.239560000000000217e-01
1.433899999999999897e-01 -5.720220000000000304e-01 3.237990000000000035e-01
1.453939999999999955e-01 -5.703580000000000316e-01 3.237349999999999950e-01
1.481510000000000049e-01 -5.680699999999999639e-01 3.237300000000000177e-01
1.502050000000000052e-01 -5.664639999999999675e-01 3.236990000000000145e-01
1.538779999999999870e-01 -5.636360000000000259e-01 3.237410000000000010e-01
1.576500000000000123e-01 -5.609039999999999582e-01 3.237050000000000205e-01
1.588529999999999942e-01 -5.599979999999999958e-01 3.237579999999999902e-01
1.622609999999999886e-01 -5.576499999999999790e-01 3.237180000000000057e-01
1.657190000000000052e-01 -5.552989999999999871e-01 3.238389999999999880e-01
1.683499999999999996e-01 -5.535630000000000273e-01 3.238369999999999860e-01
1.710170000000000023e-01 -5.518150000000000555e-01 3.238519999999999732e-01
1.768990000000000007e-01 -5.480690000000000284e-01 3.239779999999999882e-01
1.857530000000000014e-01 -5.425590000000000135e-01 3.241669999999999829e-01
1.924490000000000089e-01 -5.385360000000000147e-01 3.243110000000000159e-01
1.973050000000000082e-01 -5.357220000000000315e-01 3.244099999999999762e-01
2.022970000000000046e-01 -5.329610000000000181e-01 3.244969999999999799e-01
2.052809999999999913e-01 -5.313550000000000217e-01 3.245449999999999724e-01
2.134389999999999898e-01 -5.273959999999999759e-01 3.246120000000000116e-01
2.181950000000000001e-01 -5.253060000000000507e-01 3.246269999999999989e-01
2.225239999999999996e-01 -5.235849999999999671e-01 3.246680000000000121e-01
2.268060000000000076e-01 -5.217699999999999561e-01 3.246100000000000096e-01
2.352569999999999939e-01 -5.180259999999999865e-01 3.246140000000000136e-01
2.383730000000000016e-01 -5.165809999999999569e-01 3.245759999999999756e-01
2.445809999999999929e-01 -5.136770000000000502e-01 3.246390000000000109e-01
2.461490000000000067e-01 -5.129209999999999603e-01 3.245899999999999896e-01
2.537240000000000051e-01 -5.092219999999999525e-01 3.245879999999999876e-01
2.596120000000000094e-01 -5.062609999999999610e-01 3.245770000000000044e-01
2.722700000000000120e-01 -4.995510000000000228e-01 3.246160000000000156e-01
2.820610000000000062e-01 -4.940880000000000272e-01 3.245620000000000172e-01
2.892970000000000264e-01 -4.898870000000000169e-01 3.245830000000000104e-01
2.938149999999999928e-01 -4.871920000000000139e-01 3.245299999999999851e-01
2.949939999999999785e-01 -4.864800000000000235e-01 3.245779999999999776e-01
2.965630000000000210e-01 -4.855249999999999844e-01 3.245370000000000199e-01
3.033890000000000198e-01 -4.812770000000000103e-01 3.245870000000000144e-01
3.059709999999999930e-01 -4.796400000000000108e-01 3.245410000000000239e-01
3.106689999999999729e-01 -4.766250000000000209e-01 3.245560000000000112e-01
3.147769999999999735e-01 -4.739099999999999979e-01 3.245169999999999999e-01
3.158349999999999769e-01 -4.732020000000000115e-01 3.245660000000000212e-01
3.211010000000000253e-01 -4.696440000000000059e-01 3.244569999999999954e-01
3.243059999999999832e-01 -4.674499999999999766e-01 3.244340000000000002e-01
3.261800000000000255e-01 -4.661100000000000243e-01 3.244670000000000054e-01
3.274110000000000076e-01 -4.652749999999999941e-01 3.244049999999999989e-01
3.345839999999999925e-01 -4.601100000000000190e-01 3.243960000000000177e-01
3.354090000000000127e-01 -4.595000000000000195e-01 3.243420000000000192e-01
3.378599999999999937e-01 -4.576959999999999917e-01 3.243480000000000252e-01
3.427839999999999776e-01 -4.540109999999999979e-01 3.243059999999999832e-01
3.474059999999999926e-01 -4.504440000000000111e-01 3.243030000000000079e-01
3.519999999999999796e-01 -4.468230000000000257e-01 3.241330000000000044e-01
3.543669999999999876e-01 -4.449219999999999842e-01 3.241140000000000132e-01
3.565789999999999793e-01 -4.430970000000000186e-01 3.239799999999999902e-01
3.582569999999999921e-01 -4.416689999999999783e-01 3.238570000000000060e-01
3.602980000000000071e-01 -4.398400000000000087e-01 3.236029999999999740e-01
3.618799999999999795e-01 -4.382880000000000109e-01 3.232470000000000065e-01
3.629000000000000004e-01 -4.371780000000000110e-01 3.228360000000000118e-01
3.632600000000000273e-01 -4.367159999999999931e-01 3.226089999999999791e-01
3.642380000000000062e-01 -4.353489999999999860e-01 3.218770000000000242e-01
3.648460000000000036e-01 -4.343400000000000039e-01 3.211829999999999963e-01
3.654229999999999978e-01 -4.332860000000000045e-01 3.203659999999999841e-01
3.658150000000000013e-01 -4.322349999999999803e-01 3.194810000000000150e-01
3.660249999999999893e-01 -4.315289999999999959e-01 3.187539999999999818e-01
3.662110000000000087e-01 -4.306969999999999965e-01 3.178119999999999834e-01
3.663500000000000090e-01 -4.294819999999999749e-01 3.163529999999999953e-01
3.663359999999999950e-01 -4.284749999999999948e-01 3.149810000000000110e-01
3.661389999999999922e-01 -4.273580000000000156e-01 3.131889999999999952e-01
3.657949999999999813e-01 -4.264350000000000085e-01 3.114919999999999911e-01
3.651719999999999966e-01 -4.249800000000000244e-01 3.089560000000000084e-01
3.638069999999999915e-01 -4.225820000000000132e-01 3.046200000000000019e-01
3.619829999999999992e-01 -4.199769999999999892e-01 2.997890000000000277e-01
3.596799999999999997e-01 -4.167279999999999873e-01 2.939930000000000043e-01
3.585849999999999871e-01 -4.149189999999999823e-01 2.909869999999999957e-01
3.577130000000000032e-01 -4.132089999999999930e-01 2.884470000000000089e-01
3.574209999999999887e-01 -4.126659999999999773e-01 2.875429999999999930e-01
3.568270000000000053e-01 -4.113539999999999974e-01 2.856719999999999815e-01
3.562429999999999763e-01 -4.098300000000000276e-01 2.836060000000000247e-01
3.558879999999999821e-01 -4.084829999999999850e-01 2.819209999999999772e-01
3.557500000000000107e-01 -4.075090000000000101e-01 2.807220000000000271e-01
3.555729999999999724e-01 -4.051420000000000021e-01 2.782270000000000021e-01
3.557569999999999899e-01 -4.027749999999999941e-01 2.759300000000000086e-01
3.562020000000000186e-01 -4.005130000000000079e-01 2.738099999999999978e-01
3.567560000000000175e-01 -3.988019999999999898e-01 2.722849999999999993e-01
3.574680000000000080e-01 -3.971219999999999750e-01 2.706979999999999942e-01
3.582710000000000061e-01 -3.956819999999999782e-01 2.692999999999999838e-01
3.588890000000000136e-01 -3.947359999999999758e-01 2.684300000000000019e-01
3.600619999999999932e-01 -3.932939999999999769e-01 2.670529999999999848e-01
3.610800000000000121e-01 -3.922539999999999916e-01 2.660480000000000067e-01
3.630309999999999926e-01 -3.905850000000000155e-01 2.641390000000000127e-01
3.646699999999999942e-01 -3.894170000000000131e-01 2.626829999999999998e-01
3.656179999999999986e-01 -3.887959999999999749e-01 2.618190000000000239e-01
3.678980000000000028e-01 -3.872709999999999764e-01 2.593559999999999754e-01
3.694100000000000161e-01 -3.863230000000000275e-01 2.572880000000000167e-01
3.704760000000000275e-01 -3.856999999999999873e-01 2.556769999999999876e-01
3.712550000000000017e-01 -3.852849999999999886e-01 2.543900000000000050e-01
3.724399999999999933e-01 -3.846859999999999724e-01 2.518989999999999840e-01
3.732840000000000047e-01 -3.843460000000000210e-01 2.499659999999999938e-01
3.736099999999999977e-01 -3.841829999999999967e-01 2.490350000000000064e-01
3.747420000000000195e-01 -3.838440000000000185e-01 2.457610000000000072e-01
3.754020000000000135e-01 -3.837829999999999853e-01 2.430200000000000138e-01
3.757789999999999742e-01 -3.838199999999999945e-01 2.409850000000000048e-01
3.764129999999999976e-01 -3.840729999999999977e-01 2.366209999999999980e-01
3.769500000000000073e-01 -3.844350000000000267e-01 2.320230000000000070e-01
3.776829999999999909e-01 -3.849199999999999844e-01 2.250369999999999870e-01
3.785839999999999761e-01 -3.855649999999999911e-01 2.148960000000000037e-01
3.787030000000000118e-01 -3.857019999999999893e-01 2.128839999999999899e-01
3.788159999999999861e-01 -3.857369999999999965e-01 2.117439999999999878e-01
3.791399999999999770e-01 -3.860250000000000070e-01 2.065970000000000029e-01
3.794379999999999975e-01 -3.861720000000000153e-01 2.027140000000000053e-01
3.794839999999999880e-01 -3.862590000000000190e-01 2.013020000000000087e-01
3.798400000000000110e-01 -3.864790000000000170e-01 1.954680000000000029e-01
3.804230000000000111e-01 -3.870469999999999744e-01 1.804399999999999893e-01
3.804350000000000231e-01 -3.871629999999999794e-01 1.792030000000000012e-01
3.804560000000000164e-01 -3.874400000000000066e-01 1.776210000000000011e-01
3.805629999999999846e-01 -3.876330000000000053e-01 1.768909999999999927e-01
3.808520000000000238e-01 -3.878809999999999758e-01 1.759449999999999903e-01
3.811010000000000231e-01 -3.880750000000000033e-01 1.753730000000000011e-01
3.812340000000000173e-01 -3.882909999999999973e-01 1.749350000000000072e-01
3.818619999999999792e-01 -3.890930000000000222e-01 1.733790000000000053e-01
3.825540000000000052e-01 -3.899670000000000081e-01 1.721040000000000070e-01
3.840520000000000045e-01 -3.916990000000000194e-01 1.698570000000000080e-01
3.844560000000000199e-01 -3.920859999999999901e-01 1.693040000000000100e-01
3.891649999999999832e-01 -3.973280000000000145e-01 1.633040000000000047e-01
3.913150000000000239e-01 -3.994960000000000178e-01 1.605000000000000038e-01
3.922930000000000028e-01 -4.004190000000000249e-01 1.591480000000000117e-01
3.932820000000000205e-01 -4.012539999999999996e-01 1.577270000000000061e-01
3.938820000000000099e-01 -4.018129999999999757e-01 1.567479999999999984e-01
3.943789999999999796e-01 -4.021620000000000195e-01 1.560290000000000010e-01
3.958309999999999884e-01 -4.032789999999999986e-01 1.534159999999999968e-01
3.967459999999999876e-01 -4.038619999999999988e-01 1.515479999999999883e-01
3.976850000000000107e-01 -4.045150000000000134e-01 1.489920000000000133e-01
3.984650000000000136e-01 -4.049479999999999746e-01 1.463820000000000121e-01
3.988389999999999991e-01 -4.051120000000000276e-01 1.446729999999999960e-01
3.989429999999999921e-01 -4.051810000000000134e-01 1.437640000000000029e-01
3.991169999999999995e-01 -4.052029999999999799e-01 1.414090000000000069e-01
3.990730000000000111e-01 -4.052120000000000166e-01 1.405669999999999975e-01
3.989230000000000276e-01 -4.051060000000000216e-01 1.388469999999999982e-01
3.987740000000000173e-01 -4.049869999999999859e-01 1.377259999999999873e-01
3.983360000000000234e-01 -4.047200000000000242e-01 1.325759999999999994e-01
3.982539999999999969e-01 -4.046130000000000004e-01 1.307889999999999886e-01
3.983180000000000054e-01 -4.046420000000000017e-01 1.300370000000000137e-01
