4.148580000000000045e-01 -3.301310000000000078e-01
4.152170000000000027e-01 -3.300060000000000215e-01
4.152529999999999832e-01 -3.299000000000000266e-01
4.149920000000000275e-01 -3.298130000000000228e-01
4.144630000000000258e-01 -3.297439999999999816e-01
4.136909999999999754e-01 -3.296899999999999831e-01
4.127040000000000153e-01 -3.296510000000000273e-01
4.115289999999999782e-01 -3.296259999999999746e-01
4.101929999999999743e-01 -3.296129999999999893e-01
4.087230000000000030e-01 -3.296109999999999873e-01
4.071460000000000079e-01 -3.296180000000000221e-01
4.054880000000000151e-01 -3.296350000000000113e-01
4.037780000000000258e-01 -3.296580000000000066e-01
4.020409999999999817e-01 -3.296879999999999811e-01
4.003050000000000219e-01 -3.297229999999999883e-01
3.985980000000000079e-01 -3.297610000000000263e-01
3.969449999999999923e-01 -3.298019999999999841e-01
3.953720000000000012e-01 -3.298429999999999973e-01
3.938789999999999791e-01 -3.298849999999999838e-01
3.924570000000000003e-01 -3.299250000000000238e-01
3.910939999999999972e-01 -3.299630000000000063e-01
3.897780000000000133e-01 -3.299969999999999848e-01
3.885000000000000120e-01 -3.300259999999999860e-01
3.872479999999999811e-01 -3.300480000000000080e-01
3.860109999999999930e-01 -3.300629999999999953e-01
3.847780000000000089e-01 -3.300699999999999745e-01
3.835379999999999900e-01 -3.300660000000000260e-01
3.822809999999999819e-01 -3.300509999999999833e-01
3.809949999999999726e-01 -3.300230000000000108e-01
3.796689999999999787e-01 -3.299819999999999975e-01
3.782920000000000171e-01 -3.299259999999999970e-01
3.768540000000000223e-01 -3.298530000000000073e-01
3.753429999999999822e-01 -3.297640000000000016e-01
3.737550000000000039e-01 -3.296600000000000086e-01
3.720959999999999823e-01 -3.295540000000000136e-01
3.703710000000000058e-01 -3.294569999999999999e-01
3.685849999999999960e-01 -3.293789999999999774e-01
3.667429999999999857e-01 -3.293309999999999849e-01
3.648529999999999829e-01 -3.293260000000000076e-01
3.629180000000000184e-01 -3.293730000000000269e-01
3.609439999999999871e-01 -3.294839999999999991e-01
3.589379999999999793e-01 -3.296709999999999918e-01
3.569039999999999990e-01 -3.299440000000000150e-01
3.548479999999999968e-01 -3.303150000000000253e-01
3.527759999999999785e-01 -3.307939999999999769e-01
3.506929999999999770e-01 -3.313929999999999931e-01
3.486040000000000250e-01 -3.321230000000000016e-01
3.465159999999999907e-01 -3.329949999999999855e-01
3.444329999999999892e-01 -3.340190000000000103e-01
3.423619999999999997e-01 -3.351850000000000107e-01
3.403070000000000261e-01 -3.364779999999999993e-01
3.382749999999999924e-01 -3.378789999999999849e-01
3.362709999999999866e-01 -3.393720000000000070e-01
3.342999999999999861e-01 -3.409389999999999921e-01
3.323679999999999968e-01 -3.425630000000000064e-01
3.304799999999999960e-01 -3.442270000000000052e-01
3.286419999999999897e-01 -3.459130000000000260e-01
3.268599999999999839e-01 -3.476049999999999973e-01
3.251390000000000113e-01 -3.492859999999999854e-01
3.234850000000000225e-01 -3.509369999999999989e-01
3.219020000000000215e-01 -3.525420000000000220e-01
3.203980000000000161e-01 -3.540829999999999811e-01
3.189759999999999818e-01 -3.555440000000000267e-01
3.176430000000000087e-01 -3.569060000000000010e-01
3.164029999999999898e-01 -3.581659999999999844e-01
3.152510000000000034e-01 -3.593580000000000108e-01
3.141840000000000188e-01 -3.605280000000000151e-01
3.131959999999999744e-01 -3.617199999999999860e-01
3.122829999999999773e-01 -3.629800000000000249e-01
3.114399999999999946e-01 -3.643509999999999804e-01
3.106630000000000225e-01 -3.658799999999999830e-01
3.099459999999999993e-01 -3.676090000000000191e-01
3.092849999999999766e-01 -3.695740000000000136e-01
3.086760000000000059e-01 -3.717570000000000041e-01
3.081119999999999970e-01 -3.741260000000000141e-01
3.075910000000000033e-01 -3.766479999999999828e-01
3.071059999999999901e-01 -3.792909999999999893e-01
3.066539999999999822e-01 -3.820239999999999747e-01
3.062300000000000022e-01 -3.848130000000000162e-01
3.058279999999999887e-01 -3.876269999999999993e-01
3.054490000000000260e-01 -3.904420000000000113e-01
3.050979999999999803e-01 -3.932410000000000072e-01
3.047810000000000241e-01 -3.960119999999999751e-01
3.045019999999999949e-01 -3.987390000000000101e-01
3.042679999999999829e-01 -4.014079999999999870e-01
3.040840000000000209e-01 -4.040050000000000030e-01
3.039549999999999752e-01 -4.065139999999999865e-01
3.038870000000000182e-01 -4.089220000000000077e-01
3.038859999999999895e-01 -4.112270000000000092e-01
3.039560000000000040e-01 -4.134439999999999782e-01
3.041039999999999854e-01 -4.155940000000000190e-01
3.043350000000000222e-01 -4.176929999999999810e-01
3.046550000000000091e-01 -4.197620000000000240e-01
3.050689999999999791e-01 -4.218189999999999995e-01
3.055820000000000203e-01 -4.238830000000000098e-01
3.061989999999999990e-01 -4.259689999999999865e-01
3.069189999999999974e-01 -4.280769999999999853e-01
3.077369999999999828e-01 -4.302000000000000268e-01
3.086479999999999779e-01 -4.323310000000000208e-01
3.096490000000000076e-01 -4.344609999999999861e-01
3.107349999999999834e-01 -4.365840000000000276e-01
3.119020000000000126e-01 -4.386920000000000264e-01
3.131459999999999799e-01 -4.407769999999999744e-01
3.144609999999999905e-01 -4.428329999999999766e-01
3.158449999999999869e-01 -4.448520000000000252e-01
3.172920000000000185e-01 -4.468260000000000010e-01
3.187980000000000258e-01 -4.487490000000000090e-01
3.203599999999999781e-01 -4.506120000000000125e-01
3.219719999999999804e-01 -4.524079999999999768e-01
3.236299999999999732e-01 -4.541299999999999781e-01
3.253300000000000081e-01 -4.557700000000000085e-01
3.270680000000000254e-01 -4.573240000000000083e-01
3.288389999999999924e-01 -4.587919999999999776e-01
3.306399999999999895e-01 -4.601779999999999760e-01
3.324650000000000105e-01 -4.614840000000000053e-01
3.343099999999999961e-01 -4.627120000000000122e-01
3.361720000000000264e-01 -4.638650000000000273e-01
3.380460000000000131e-01 -4.649449999999999972e-01
3.399269999999999792e-01 -4.659550000000000081e-01
3.418109999999999760e-01 -4.668970000000000065e-01
3.436939999999999995e-01 -4.677740000000000231e-01
3.455719999999999903e-01 -4.685889999999999778e-01
3.474400000000000266e-01 -4.693430000000000102e-01
3.492939999999999934e-01 -4.700389999999999846e-01
3.511299999999999977e-01 -4.706799999999999873e-01
3.529419999999999780e-01 -4.712689999999999935e-01
3.547290000000000165e-01 -4.718069999999999764e-01
3.565019999999999856e-01 -4.722959999999999936e-01
3.582879999999999954e-01 -4.727370000000000183e-01
3.601150000000000184e-01 -4.731290000000000218e-01
3.620140000000000025e-01 -4.734740000000000060e-01
3.640109999999999735e-01 -4.737720000000000264e-01
3.661349999999999882e-01 -4.740219999999999989e-01
3.684149999999999925e-01 -4.742259999999999809e-01
3.708770000000000122e-01 -4.743829999999999991e-01
3.735140000000000127e-01 -4.744950000000000001e-01
3.762840000000000074e-01 -4.745610000000000106e-01
3.791459999999999830e-01 -4.745820000000000038e-01
3.820580000000000087e-01 -4.745579999999999798e-01
3.849759999999999849e-01 -4.744900000000000229e-01
3.878590000000000093e-01 -4.743769999999999931e-01
3.906640000000000112e-01 -4.742210000000000036e-01
3.933490000000000042e-01 -4.740210000000000257e-01
3.959030000000000049e-01 -4.737750000000000017e-01
3.983579999999999899e-01 -4.734749999999999792e-01
4.007470000000000199e-01 -4.731139999999999790e-01
4.031080000000000219e-01 -4.726839999999999931e-01
4.054740000000000011e-01 -4.721759999999999846e-01
4.078820000000000223e-01 -4.715829999999999744e-01
4.103660000000000085e-01 -4.708979999999999833e-01
4.129610000000000225e-01 -4.701119999999999743e-01
4.156710000000000127e-01 -4.692180000000000240e-01
4.184579999999999966e-01 -4.682080000000000131e-01
4.212790000000000146e-01 -4.670730000000000159e-01
4.240909999999999958e-01 -4.658070000000000266e-01
4.268540000000000112e-01 -4.644010000000000082e-01
4.295240000000000169e-01 -4.628479999999999817e-01
4.320599999999999996e-01 -4.611399999999999944e-01
4.344259999999999788e-01 -4.592740000000000156e-01
4.366180000000000061e-01 -4.572700000000000098e-01
4.386419999999999764e-01 -4.551569999999999783e-01
4.405040000000000067e-01 -4.529630000000000045e-01
4.422099999999999920e-01 -4.507160000000000055e-01
4.437639999999999918e-01 -4.484429999999999805e-01
4.451740000000000141e-01 -4.461729999999999863e-01
4.464440000000000075e-01 -4.439319999999999933e-01
4.475799999999999779e-01 -4.417470000000000008e-01
4.485879999999999868e-01 -4.396120000000000028e-01
4.494739999999999847e-01 -4.375069999999999792e-01
4.502430000000000043e-01 -4.354089999999999905e-01
4.509009999999999962e-01 -4.332980000000000165e-01
4.514540000000000219e-01 -4.311530000000000085e-01
4.519079999999999764e-01 -4.289529999999999732e-01
4.522680000000000033e-01 -4.266759999999999997e-01
4.525390000000000246e-01 -4.243089999999999917e-01
4.527280000000000193e-01 -4.218569999999999820e-01
4.528409999999999935e-01 -4.193279999999999785e-01
4.528820000000000068e-01 -4.167310000000000181e-01
4.528579999999999828e-01 -4.140719999999999956e-01
4.527740000000000098e-01 -4.113600000000000034e-01
4.526370000000000116e-01 -4.086020000000000207e-01
4.524509999999999921e-01 -4.058050000000000268e-01
4.522229999999999861e-01 -4.029789999999999761e-01
4.519580000000000264e-01 -4.001299999999999857e-01
4.516620000000000079e-01 -3.972660000000000080e-01
4.513400000000000190e-01 -3.943949999999999956e-01
4.509989999999999832e-01 -3.915250000000000119e-01
4.506439999999999890e-01 -3.886629999999999807e-01
4.502800000000000136e-01 -3.858179999999999943e-01
4.499139999999999806e-01 -3.829960000000000031e-01
4.495469999999999744e-01 -3.801979999999999804e-01
4.491800000000000237e-01 -3.774239999999999817e-01
4.488150000000000195e-01 -3.746700000000000030e-01
4.484509999999999885e-01 -3.719350000000000156e-01
4.480899999999999883e-01 -3.692170000000000174e-01
4.477329999999999921e-01 -3.665129999999999777e-01
4.473790000000000266e-01 -3.638230000000000075e-01
4.470310000000000117e-01 -3.611460000000000226e-01
4.466879999999999740e-01 -3.585099999999999953e-01
4.463520000000000265e-01 -3.559590000000000254e-01
4.460230000000000028e-01 -3.535369999999999902e-01
4.457019999999999871e-01 -3.512899999999999912e-01
4.453900000000000081e-01 -3.492609999999999881e-01
4.450879999999999836e-01 -3.474960000000000271e-01
4.447960000000000247e-01 -3.460369999999999835e-01
4.445149999999999935e-01 -3.449030000000000151e-01
4.442470000000000030e-01 -3.440639999999999810e-01
4.439910000000000245e-01 -3.434869999999999868e-01
4.437479999999999758e-01 -3.431409999999999738e-01
4.435200000000000253e-01 -3.429920000000000191e-01
4.433070000000000066e-01 -3.430079999999999796e-01
4.431089999999999751e-01 -3.431549999999999878e-01
4.429290000000000171e-01 -3.434030000000000138e-01
4.427650000000000197e-01 -3.437169999999999948e-01
4.426200000000000134e-01 -3.440650000000000097e-01
4.424939999999999984e-01 -3.444139999999999979e-01
4.423869999999999747e-01 -3.447330000000000116e-01
4.423009999999999997e-01 -3.449880000000000169e-01
4.422369999999999912e-01 -3.451460000000000083e-01
4.421939999999999760e-01 -3.451750000000000096e-01
4.421740000000000115e-01 -3.450480000000000214e-01
4.421789999999999887e-01 -3.447819999999999774e-01
4.422099999999999920e-01 -3.444159999999999999e-01
4.422690000000000232e-01 -3.439869999999999872e-01
4.423570000000000002e-01 -3.435340000000000060e-01
4.424779999999999824e-01 -3.430949999999999833e-01
4.426320000000000254e-01 -3.427069999999999839e-01
4.428210000000000202e-01 -3.424099999999999921e-01
4.430470000000000241e-01 -3.422399999999999887e-01
4.433130000000000126e-01 -3.422370000000000134e-01
4.436189999999999856e-01 -3.424369999999999914e-01
4.439670000000000005e-01 -3.428800000000000181e-01
4.443599999999999772e-01 -3.436040000000000205e-01
4.447989999999999999e-01 -3.446449999999999791e-01
4.452860000000000151e-01 -3.460440000000000182e-01
4.458230000000000248e-01 -3.478359999999999785e-01
4.464080000000000270e-01 -3.500249999999999750e-01
4.470350000000000157e-01 -3.525559999999999805e-01
4.476970000000000116e-01 -3.553720000000000212e-01
4.483880000000000088e-01 -3.584129999999999816e-01
4.491009999999999724e-01 -3.616199999999999970e-01
4.498300000000000076e-01 -3.649339999999999806e-01
4.505660000000000220e-01 -3.682980000000000143e-01
4.513039999999999830e-01 -3.716510000000000091e-01
4.520370000000000221e-01 -3.749609999999999888e-01
4.527579999999999938e-01 -3.782469999999999999e-01
4.534610000000000030e-01 -3.815370000000000150e-01
4.541379999999999861e-01 -3.848559999999999759e-01
4.547829999999999928e-01 -3.882309999999999928e-01
4.553889999999999882e-01 -3.916890000000000094e-01
4.559500000000000219e-01 -3.952570000000000250e-01
4.564590000000000036e-01 -3.989550000000000041e-01
4.569179999999999908e-01 -4.027640000000000109e-01
4.573289999999999855e-01 -4.066520000000000135e-01
4.576959999999999917e-01 -4.105849999999999778e-01
4.580219999999999847e-01 -4.145300000000000096e-01
4.583099999999999952e-01 -4.184539999999999926e-01
4.585640000000000271e-01 -4.223239999999999772e-01
4.587870000000000004e-01 -4.261059999999999848e-01
4.589809999999999723e-01 -4.297750000000000181e-01
4.591509999999999758e-01 -4.333609999999999962e-01
4.592979999999999841e-01 -4.369250000000000078e-01
4.594280000000000030e-01 -4.405299999999999772e-01
4.595420000000000060e-01 -4.442360000000000197e-01
4.596439999999999970e-01 -4.481049999999999756e-01
4.597370000000000068e-01 -4.521970000000000156e-01
4.598240000000000105e-01 -4.565750000000000086e-01
4.599090000000000122e-01 -4.612970000000000126e-01
4.599949999999999872e-01 -4.663930000000000020e-01
4.600850000000000217e-01 -4.718760000000000177e-01
4.601819999999999800e-01 -4.777589999999999892e-01
4.602890000000000037e-01 -4.840559999999999863e-01
4.604110000000000147e-01 -4.907799999999999940e-01
4.605480000000000129e-01 -4.979439999999999977e-01
4.607069999999999776e-01 -5.055610000000000381e-01
4.608880000000000199e-01 -5.136349999999999527e-01
4.610960000000000059e-01 -5.220829999999999638e-01
4.613329999999999931e-01 -5.307709999999999928e-01
4.616029999999999855e-01 -5.395649999999999613e-01
4.619099999999999873e-01 -5.483299999999999841e-01
4.622560000000000002e-01 -5.569340000000000401e-01
4.626439999999999997e-01 -5.652409999999999934e-01
4.630779999999999896e-01 -5.731180000000000163e-01
4.635589999999999988e-01 -5.804730000000000167e-01
4.640790000000000193e-01 -5.873319999999999652e-01
4.646299999999999875e-01 -5.937400000000000455e-01
4.652060000000000084e-01 -5.997419999999999973e-01
4.657979999999999898e-01 -6.053849999999999509e-01
4.663970000000000060e-01 -6.107120000000000326e-01
4.669969999999999954e-01 -6.157709999999999573e-01
4.675880000000000036e-01 -6.206059999999999910e-01
4.681640000000000246e-01 -6.252619999999999845e-01
4.687160000000000215e-01 -6.297850000000000392e-01
4.692370000000000152e-01 -6.342210000000000347e-01
4.697180000000000244e-01 -6.386150000000000437e-01
4.701520000000000143e-01 -6.430120000000000280e-01
4.705300000000000038e-01 -6.474579999999999780e-01
4.708450000000000135e-01 -6.519989999999999952e-01
4.710880000000000067e-01 -6.566779999999999839e-01
4.712560000000000082e-01 -6.615100000000000424e-01
4.713450000000000140e-01 -6.664710000000000356e-01
4.713550000000000240e-01 -6.715379999999999683e-01
4.712830000000000075e-01 -6.766839999999999522e-01
4.711290000000000200e-01 -6.818840000000000456e-01
4.708899999999999753e-01 -6.871140000000000025e-01
4.705639999999999823e-01 -6.923479999999999634e-01
4.701509999999999856e-01 -6.975609999999999866e-01
4.696489999999999831e-01 -7.027290000000000481e-01
4.690549999999999997e-01 -7.078259999999999552e-01
4.683680000000000065e-01 -7.128269999999999884e-01
4.675880000000000036e-01 -7.177069999999999839e-01
4.667109999999999870e-01 -7.224409999999999998e-01
4.657370000000000121e-01 -7.270039999999999836e-01
4.646629999999999927e-01 -7.313699999999999646e-01
4.634900000000000131e-01 -7.355209999999999804e-01
4.622220000000000217e-01 -7.394579999999999487e-01
4.608659999999999979e-01 -7.431910000000000460e-01
4.594280000000000030e-01 -7.467289999999999761e-01
4.579150000000000165e-01 -7.500809999999999977e-01
4.563320000000000154e-01 -7.532569999999999544e-01
4.546870000000000078e-01 -7.562659999999999938e-01
4.529859999999999998e-01 -7.591160000000000130e-01
4.512340000000000240e-01 -7.618179999999999952e-01
4.494400000000000062e-01 -7.643790000000000306e-01
4.476080000000000059e-01 -7.668110000000000204e-01
4.457459999999999756e-01 -7.691210000000000546e-01
4.438599999999999768e-01 -7.713189999999999769e-01
4.419560000000000155e-01 -7.734140000000000459e-01
4.400410000000000155e-01 -7.754159999999999942e-01
4.381209999999999827e-01 -7.773330000000000517e-01
4.361979999999999746e-01 -7.791709999999999470e-01
4.342659999999999854e-01 -7.809300000000000130e-01
4.323190000000000088e-01 -7.826079999999999703e-01
4.303500000000000103e-01 -7.842050000000000409e-01
4.283509999999999818e-01 -7.857180000000000275e-01
4.263159999999999727e-01 -7.871460000000000123e-01
4.242389999999999772e-01 -7.884889999999999954e-01
4.221119999999999872e-01 -7.897440000000000015e-01
4.199289999999999967e-01 -7.909110000000000307e-01
4.176830000000000265e-01 -7.919880000000000253e-01
4.153669999999999862e-01 -7.929739999999999567e-01
4.129740000000000077e-01 -7.938669999999999893e-01
4.104979999999999740e-01 -7.946670000000000122e-01
4.079320000000000168e-01 -7.953719999999999679e-01
4.052689999999999904e-01 -7.959800000000000209e-01
4.025070000000000037e-01 -7.964919999999999778e-01
3.996890000000000165e-01 -7.969129999999999825e-01
3.968800000000000106e-01 -7.972540000000000182e-01
3.941470000000000251e-01 -7.975259999999999572e-01
3.915560000000000151e-01 -7.977389999999999759e-01
3.891720000000000179e-01 -7.979039999999999466e-01
3.870620000000000172e-01 -7.980300000000000171e-01
3.852909999999999946e-01 -7.981279999999999486e-01
3.839170000000000083e-01 -7.982089999999999463e-01
3.829020000000000201e-01 -7.982829999999999648e-01
3.821530000000000205e-01 -7.983599999999999586e-01
3.815760000000000263e-01 -7.984510000000000218e-01
3.810760000000000258e-01 -7.985659999999999981e-01
3.805589999999999806e-01 -7.987149999999999528e-01
3.799319999999999919e-01 -7.989100000000000090e-01
3.790999999999999925e-01 -7.991599999999999815e-01
3.780040000000000067e-01 -7.994649999999999812e-01
3.766550000000000176e-01 -7.998020000000000129e-01
3.750749999999999917e-01 -8.001470000000000526e-01
3.732840000000000047e-01 -8.004740000000000189e-01
3.713049999999999962e-01 -8.007570000000000521e-01
3.691570000000000129e-01 -8.009709999999999885e-01
3.668620000000000214e-01 -8.010909999999999975e-01
3.644410000000000149e-01 -8.010920000000000263e-01
3.619149999999999867e-01 -8.009479999999999933e-01
3.593049999999999855e-01 -8.006339999999999568e-01
3.566320000000000046e-01 -8.001239999999999464e-01
3.539180000000000104e-01 -7.993930000000000202e-01
3.511830000000000229e-01 -7.984160000000000146e-01
3.484490000000000087e-01 -7.971679999999999877e-01
3.457359999999999878e-01 -7.956220000000000514e-01
3.430650000000000088e-01 -7.937579999999999636e-01
3.404539999999999789e-01 -7.915900000000000158e-01
3.379179999999999962e-01 -7.891550000000000509e-01
3.354730000000000212e-01 -7.864900000000000224e-01
3.331330000000000124e-01 -7.836319999999999952e-01
3.309139999999999859e-01 -7.806180000000000341e-01
3.288300000000000112e-01 -7.774849999999999817e-01
3.268989999999999951e-01 -7.742710000000000425e-01
3.251339999999999786e-01 -7.710099999999999731e-01
3.235509999999999775e-01 -7.677129999999999788e-01
3.221649999999999792e-01 -7.643750000000000266e-01
3.209919999999999995e-01 -7.609879999999999978e-01
3.200470000000000259e-01 -7.575450000000000239e-01
3.193449999999999900e-01 -7.540419999999999900e-01
3.189020000000000188e-01 -7.504709999999999992e-01
3.187320000000000153e-01 -7.468259999999999899e-01
3.188509999999999955e-01 -7.430999999999999828e-01
3.192550000000000110e-01 -7.392710000000000115e-01
3.199290000000000189e-01 -7.353030000000000399e-01
3.208539999999999726e-01 -7.311630000000000074e-01
3.220140000000000224e-01 -7.268170000000000464e-01
3.233909999999999840e-01 -7.223030000000000284e-01
3.249679999999999791e-01 -7.177200000000000246e-01
3.267269999999999897e-01 -7.131720000000000281e-01
3.286519999999999997e-01 -7.087569999999999704e-01
3.307240000000000180e-01 -7.044989999999999863e-01
3.329259999999999997e-01 -7.003599999999999826e-01
3.352419999999999844e-01 -6.962970000000000548e-01
3.376529999999999809e-01 -6.922709999999999697e-01
3.401429999999999731e-01 -6.882390000000000452e-01
3.426930000000000254e-01 -6.841610000000000191e-01
3.452879999999999838e-01 -6.799950000000000161e-01
3.479160000000000030e-01 -6.757109999999999506e-01
3.505929999999999880e-01 -6.713189999999999991e-01
3.533370000000000122e-01 -6.668359999999999843e-01
3.561659999999999826e-01 -6.622770000000000046e-01
3.591010000000000035e-01 -6.576589999999999936e-01
3.621599999999999819e-01 -6.529979999999999674e-01
3.653620000000000201e-01 -6.483100000000000529e-01
3.687259999999999982e-01 -6.436129999999999907e-01
3.722559999999999758e-01 -6.389219999999999899e-01
3.759190000000000031e-01 -6.342529999999999557e-01
3.796760000000000135e-01 -6.296239999999999615e-01
3.834879999999999955e-01 -6.250489999999999657e-01
3.873159999999999936e-01 -6.205469999999999597e-01
3.911209999999999964e-01 -6.161320000000000130e-01
3.948630000000000195e-01 -6.118219999999999770e-01
3.985060000000000269e-01 -6.076310000000000322e-01
4.020380000000000065e-01 -6.035580000000000389e-01
4.054670000000000218e-01 -5.995890000000000386e-01
4.088030000000000275e-01 -5.957069999999999865e-01
4.120550000000000046e-01 -5.918999999999999817e-01
4.152310000000000167e-01 -5.881509999999999794e-01
4.183399999999999896e-01 -5.844449999999999923e-01
4.213899999999999868e-01 -5.807689999999999797e-01
4.243919999999999915e-01 -5.771070000000000366e-01
4.273529999999999829e-01 -5.734449999999999825e-01
4.302830000000000266e-01 -5.697670000000000234e-01
4.331900000000000195e-01 -5.660589999999999788e-01
4.360840000000000272e-01 -5.623050000000000548e-01
4.389719999999999733e-01 -5.584919999999999884e-01
4.418650000000000078e-01 -5.546039999999999859e-01
4.447699999999999987e-01 -5.506269999999999776e-01
4.476870000000000016e-01 -5.465569999999999595e-01
4.505819999999999825e-01 -5.424360000000000293e-01
4.145710000000000228e-01 -3.222289999999999877e-01
4.147689999999999988e-01 -3.227800000000000114e-01
4.147359999999999935e-01 -3.232260000000000133e-01
4.144809999999999883e-01 -3.235750000000000015e-01
4.140119999999999911e-01 -3.238320000000000087e-01
4.133370000000000100e-01 -3.240040000000000142e-01
4.124639999999999973e-01 -3.240959999999999952e-01
4.114019999999999899e-01 -3.241169999999999884e-01
4.101580000000000226e-01 -3.240709999999999980e-01
4.087419999999999942e-01 -3.239659999999999762e-01
4.071609999999999951e-01 -3.238079999999999847e-01
4.054229999999999778e-01 -3.236020000000000008e-01
4.035380000000000078e-01 -3.233559999999999768e-01
4.015119999999999800e-01 -3.230770000000000031e-01
3.993550000000000155e-01 -3.227689999999999726e-01
3.970750000000000113e-01 -3.224409999999999776e-01
3.946799999999999753e-01 -3.220970000000000222e-01
3.921769999999999978e-01 -3.217450000000000032e-01
3.895739999999999759e-01 -3.213909999999999823e-01
3.868750000000000244e-01 -3.210410000000000208e-01
3.840859999999999830e-01 -3.207019999999999871e-01
3.812130000000000241e-01 -3.203799999999999981e-01
3.782610000000000139e-01 -3.200819999999999776e-01
3.752369999999999872e-01 -3.198130000000000139e-01
3.721459999999999768e-01 -3.195810000000000040e-01
3.690229999999999899e-01 -3.193909999999999805e-01
3.659660000000000135e-01 -3.192510000000000070e-01
3.630789999999999851e-01 -3.191660000000000053e-01
3.604680000000000106e-01 -3.191430000000000100e-01
3.581880000000000064e-01 -3.191880000000000273e-01
3.561779999999999946e-01 -3.193079999999999807e-01
3.543620000000000103e-01 -3.195089999999999875e-01
3.526619999999999755e-01 -3.197980000000000267e-01
3.510240000000000027e-01 -3.201890000000000014e-01
3.494099999999999984e-01 -3.207019999999999871e-01
3.477859999999999840e-01 -3.213590000000000058e-01
3.461139999999999772e-01 -3.221809999999999952e-01
3.443599999999999994e-01 -3.231899999999999773e-01
3.424869999999999859e-01 -3.244060000000000277e-01
3.404610000000000136e-01 -3.258510000000000018e-01
3.382589999999999764e-01 -3.275390000000000246e-01
3.359670000000000156e-01 -3.294139999999999846e-01
3.337289999999999979e-01 -3.313889999999999891e-01
3.316879999999999828e-01 -3.333749999999999769e-01
3.299770000000000203e-01 -3.352840000000000265e-01
3.285980000000000012e-01 -3.370270000000000210e-01
3.274650000000000061e-01 -3.385170000000000123e-01
3.264859999999999984e-01 -3.396640000000000215e-01
3.255870000000000153e-01 -3.404479999999999729e-01
3.247459999999999791e-01 -3.411139999999999728e-01
3.239580000000000237e-01 -3.419740000000000002e-01
3.232129999999999725e-01 -3.433359999999999745e-01
3.225060000000000149e-01 -3.454490000000000061e-01
3.218300000000000050e-01 -3.482069999999999887e-01
3.211760000000000170e-01 -3.513809999999999989e-01
3.205370000000000164e-01 -3.547440000000000038e-01
3.199080000000000257e-01 -3.581079999999999819e-01
3.192800000000000082e-01 -3.613649999999999918e-01
3.186459999999999848e-01 -3.644129999999999869e-01
3.179989999999999761e-01 -3.671539999999999804e-01
3.173320000000000030e-01 -3.695539999999999936e-01
3.166379999999999750e-01 -3.717900000000000094e-01
3.159089999999999954e-01 -3.740740000000000176e-01
3.151390000000000025e-01 -3.766180000000000083e-01
3.143329999999999735e-01 -3.795209999999999972e-01
3.135169999999999901e-01 -3.827070000000000194e-01
3.127179999999999960e-01 -3.860870000000000135e-01
3.119629999999999903e-01 -3.895730000000000026e-01
3.112789999999999724e-01 -3.930759999999999810e-01
3.106929999999999970e-01 -3.965060000000000251e-01
3.102320000000000078e-01 -3.997760000000000202e-01
3.099230000000000040e-01 -4.028030000000000221e-01
3.097940000000000138e-01 -4.055969999999999853e-01
3.098699999999999788e-01 -4.082450000000000245e-01
3.101800000000000113e-01 -4.108350000000000057e-01
3.107500000000000262e-01 -4.134539999999999882e-01
3.116070000000000229e-01 -4.161909999999999776e-01
3.127789999999999737e-01 -4.191320000000000046e-01
3.142909999999999870e-01 -4.223660000000000192e-01
3.161669999999999758e-01 -4.259680000000000133e-01
3.183670000000000111e-01 -4.298839999999999884e-01
3.208219999999999961e-01 -4.339910000000000156e-01
3.234609999999999985e-01 -4.381639999999999979e-01
3.262140000000000040e-01 -4.422780000000000045e-01
3.290109999999999979e-01 -4.462070000000000203e-01
3.317809999999999926e-01 -4.498280000000000056e-01
3.344530000000000003e-01 -4.530150000000000010e-01
3.369730000000000225e-01 -4.556729999999999947e-01
3.393539999999999890e-01 -4.578369999999999940e-01
3.416270000000000140e-01 -4.595759999999999845e-01
3.438260000000000205e-01 -4.609619999999999829e-01
3.459809999999999830e-01 -4.620630000000000015e-01
3.481239999999999890e-01 -4.629519999999999746e-01
3.502890000000000170e-01 -4.636970000000000258e-01
3.525050000000000128e-01 -4.643700000000000050e-01
3.547930000000000250e-01 -4.650170000000000137e-01
3.571480000000000210e-01 -4.656399999999999983e-01
3.595619999999999927e-01 -4.662379999999999858e-01
3.620269999999999877e-01 -4.668070000000000275e-01
3.645360000000000267e-01 -4.673450000000000104e-01
3.670809999999999906e-01 -4.678510000000000169e-01
3.696530000000000094e-01 -4.683209999999999873e-01
3.722469999999999946e-01 -4.687529999999999752e-01
3.748529999999999918e-01 -4.691449999999999787e-01
3.774640000000000217e-01 -4.694940000000000224e-01
3.800729999999999942e-01 -4.697979999999999934e-01
3.826709999999999834e-01 -4.700550000000000006e-01
3.852510000000000101e-01 -4.702609999999999846e-01
3.878059999999999841e-01 -4.704150000000000276e-01
3.903280000000000083e-01 -4.705150000000000166e-01
3.928090000000000193e-01 -4.705559999999999743e-01
3.952609999999999735e-01 -4.705300000000000038e-01
3.976999999999999980e-01 -4.704240000000000088e-01
4.001480000000000037e-01 -4.702219999999999733e-01
4.026230000000000087e-01 -4.699110000000000231e-01
4.051429999999999754e-01 -4.694769999999999777e-01
4.077290000000000081e-01 -4.689070000000000182e-01
4.103999999999999870e-01 -4.681870000000000198e-01
4.131630000000000025e-01 -4.673050000000000259e-01
4.159499999999999864e-01 -4.662660000000000138e-01
4.186630000000000074e-01 -4.650810000000000222e-01
4.212040000000000228e-01 -4.637640000000000096e-01
4.234899999999999776e-01 -4.623240000000000127e-01
4.255929999999999991e-01 -4.607740000000000169e-01
4.276820000000000066e-01 -4.591259999999999786e-01
4.299290000000000056e-01 -4.573900000000000188e-01
4.324680000000000191e-01 -4.555759999999999810e-01
4.352599999999999802e-01 -4.536830000000000029e-01
4.382099999999999884e-01 -4.517059999999999964e-01
4.412249999999999783e-01 -4.496390000000000109e-01
4.442099999999999937e-01 -4.474779999999999869e-01
4.470720000000000249e-01 -4.452169999999999739e-01
4.497149999999999759e-01 -4.428520000000000234e-01
4.520460000000000034e-01 -4.403770000000000184e-01
4.540009999999999879e-01 -4.377869999999999817e-01
4.556069999999999842e-01 -4.350780000000000203e-01
4.569090000000000096e-01 -4.322449999999999903e-01
4.579520000000000257e-01 -4.292810000000000237e-01
4.587789999999999924e-01 -4.261829999999999785e-01
4.594349999999999823e-01 -4.229450000000000154e-01
4.599650000000000127e-01 -4.195619999999999905e-01
4.604130000000000167e-01 -4.160300000000000109e-01
4.607999999999999874e-01 -4.123479999999999923e-01
4.611069999999999891e-01 -4.085289999999999755e-01
4.613090000000000246e-01 -4.045839999999999992e-01
4.613809999999999856e-01 -4.005259999999999931e-01
4.612990000000000146e-01 -3.963679999999999981e-01
4.610369999999999746e-01 -3.921220000000000261e-01
4.605719999999999814e-01 -3.877999999999999781e-01
4.598800000000000110e-01 -3.834150000000000058e-01
4.589619999999999811e-01 -3.790149999999999908e-01
4.578550000000000120e-01 -3.746820000000000150e-01
4.565949999999999731e-01 -3.705049999999999732e-01
4.552189999999999848e-01 -3.665689999999999782e-01
4.537640000000000007e-01 -3.629620000000000068e-01
4.522649999999999726e-01 -3.597710000000000075e-01
4.507610000000000228e-01 -3.570829999999999838e-01
4.492869999999999919e-01 -3.549760000000000137e-01
4.478670000000000151e-01 -3.534169999999999812e-01
4.465169999999999972e-01 -3.522839999999999860e-01
4.452519999999999811e-01 -3.514559999999999906e-01
4.440859999999999808e-01 -3.508080000000000087e-01
4.430350000000000121e-01 -3.502170000000000005e-01
4.421129999999999782e-01 -3.495599999999999818e-01
4.413360000000000061e-01 -3.487140000000000239e-01
4.407150000000000234e-01 -3.475840000000000041e-01
4.402360000000000162e-01 -3.462620000000000142e-01
4.398750000000000160e-01 -3.449110000000000231e-01
4.396090000000000275e-01 -3.436949999999999728e-01
4.394140000000000268e-01 -3.427580000000000071e-01
4.392650000000000166e-01 -3.420819999999999972e-01
4.391410000000000036e-01 -3.415739999999999887e-01
4.390160000000000173e-01 -3.411379999999999968e-01
4.388739999999999863e-01 -3.406970000000000276e-01
4.387190000000000256e-01 -3.402399999999999869e-01
4.385609999999999786e-01 -3.397709999999999897e-01
4.384080000000000199e-01 -3.392919999999999825e-01
4.382690000000000197e-01 -3.388070000000000248e-01
4.381539999999999879e-01 -3.383180000000000076e-01
4.380720000000000169e-01 -3.378280000000000172e-01
4.380319999999999769e-01 -3.373399999999999732e-01
4.380430000000000157e-01 -3.369039999999999813e-01
4.381140000000000034e-01 -3.366339999999999888e-01
4.382550000000000057e-01 -3.366500000000000048e-01
4.384730000000000016e-01 -3.370739999999999847e-01
4.387800000000000034e-01 -3.380270000000000219e-01
4.391820000000000168e-01 -3.396279999999999855e-01
4.396909999999999985e-01 -3.419980000000000242e-01
4.403139999999999832e-01 -3.452390000000000181e-01
4.410459999999999936e-01 -3.492000000000000104e-01
4.418750000000000178e-01 -3.535519999999999774e-01
4.427880000000000149e-01 -3.579629999999999757e-01
4.437719999999999998e-01 -3.621119999999999894e-01
4.448130000000000139e-01 -3.658759999999999790e-01
4.458980000000000166e-01 -3.693279999999999896e-01
4.470149999999999957e-01 -3.725479999999999903e-01
4.481510000000000216e-01 -3.756220000000000114e-01
4.492909999999999959e-01 -3.786970000000000058e-01
4.504239999999999911e-01 -3.819480000000000097e-01
4.515359999999999929e-01 -3.855500000000000038e-01
4.526140000000000163e-01 -3.896640000000000104e-01
4.536450000000000204e-01 -3.942209999999999881e-01
4.546160000000000201e-01 -3.989510000000000001e-01
4.555130000000000012e-01 -4.035790000000000211e-01
4.563260000000000094e-01 -4.078640000000000043e-01
4.570549999999999891e-01 -4.117620000000000169e-01
4.577039999999999997e-01 -4.153129999999999877e-01
4.582789999999999919e-01 -4.185539999999999816e-01
4.587849999999999984e-01 -4.215240000000000098e-01
4.592260000000000231e-01 -4.242589999999999972e-01
4.596069999999999878e-01 -4.267980000000000107e-01
4.599329999999999807e-01 -4.291780000000000039e-01
4.602080000000000060e-01 -4.314390000000000169e-01
4.604389999999999872e-01 -4.336169999999999747e-01
4.606290000000000107e-01 -4.357500000000000262e-01
4.607840000000000269e-01 -4.378759999999999875e-01
4.609079999999999844e-01 -4.400339999999999807e-01
4.610070000000000001e-01 -4.422610000000000152e-01
4.610839999999999939e-01 -4.445939999999999892e-01
4.611450000000000271e-01 -4.470729999999999982e-01
4.611939999999999928e-01 -4.497260000000000146e-01
4.612319999999999753e-01 -4.525710000000000011e-01
4.612600000000000033e-01 -4.556239999999999735e-01
4.612800000000000233e-01 -4.589019999999999766e-01
4.612930000000000086e-01 -4.624190000000000245e-01
4.612999999999999878e-01 -4.661930000000000240e-01
4.613019999999999898e-01 -4.702379999999999893e-01
4.613010000000000166e-01 -4.745699999999999918e-01
4.612970000000000126e-01 -4.791579999999999728e-01
4.612939999999999818e-01 -4.839370000000000061e-01
4.612899999999999778e-01 -4.888390000000000235e-01
4.612890000000000046e-01 -4.937980000000000147e-01
4.612899999999999778e-01 -4.987460000000000226e-01
4.612959999999999838e-01 -5.036159999999999526e-01
4.613079999999999958e-01 -5.083410000000000428e-01
4.613260000000000138e-01 -5.128610000000000113e-01
4.613530000000000131e-01 -5.171810000000000018e-01
4.613889999999999936e-01 -5.213389999999999969e-01
4.614360000000000128e-01 -5.253729999999999789e-01
4.614960000000000173e-01 -5.293189999999999840e-01
4.615679999999999783e-01 -5.332149999999999945e-01
4.616549999999999820e-01 -5.370989999999999931e-01
4.617580000000000018e-01 -5.410089999999999621e-01
4.618780000000000108e-01 -5.449760000000000160e-01
4.620170000000000110e-01 -5.490110000000000268e-01
4.621759999999999757e-01 -5.531160000000000521e-01
4.623550000000000160e-01 -5.572960000000000136e-01
4.625569999999999959e-01 -5.615539999999999976e-01
4.627820000000000267e-01 -5.658929999999999794e-01
4.630329999999999724e-01 -5.703169999999999629e-01
4.633090000000000264e-01 -5.748290000000000344e-01
4.636120000000000241e-01 -5.794300000000000006e-01
4.639360000000000150e-01 -5.841039999999999566e-01
4.642789999999999973e-01 -5.888390000000000013e-01
4.646359999999999935e-01 -5.936190000000000078e-01
4.650020000000000264e-01 -5.984279999999999600e-01
4.653729999999999811e-01 -6.032530000000000392e-01
4.657450000000000201e-01 -6.080790000000000362e-01
4.661129999999999995e-01 -6.128900000000000459e-01
4.664739999999999998e-01 -6.176850000000000396e-01
4.668220000000000147e-01 -6.224779999999999758e-01
4.671540000000000137e-01 -6.272849999999999815e-01
4.674650000000000194e-01 -6.321210000000000440e-01
4.677509999999999724e-01 -6.370029999999999859e-01
4.680079999999999796e-01 -6.419439999999999591e-01
4.682310000000000083e-01 -6.469620000000000370e-01
4.684159999999999990e-01 -6.520669999999999522e-01
4.685579999999999745e-01 -6.572259999999999769e-01
4.686560000000000170e-01 -6.623689999999999856e-01
4.687029999999999808e-01 -6.674280000000000213e-01
4.686980000000000035e-01 -6.723350000000000160e-01
4.686350000000000238e-01 -6.770199999999999552e-01
4.685119999999999840e-01 -6.814149999999999929e-01
4.683240000000000181e-01 -6.854519999999999502e-01
4.680679999999999841e-01 -6.890819999999999723e-01
4.677399999999999891e-01 -6.923669999999999547e-01
4.673359999999999737e-01 -6.954000000000000181e-01
4.668519999999999892e-01 -6.982779999999999543e-01
4.662859999999999783e-01 -7.010929999999999662e-01
4.656319999999999903e-01 -7.039410000000000389e-01
4.648880000000000234e-01 -7.069149999999999601e-01
4.640500000000000180e-01 -7.101110000000000477e-01
4.631149999999999989e-01 -7.135839999999999961e-01
4.620879999999999987e-01 -7.172859999999999792e-01
4.609739999999999949e-01 -7.211520000000000152e-01
4.597780000000000200e-01 -7.251159999999999828e-01
4.585049999999999959e-01 -7.291149999999999576e-01
4.571600000000000108e-01 -7.330820000000000114e-01
4.557479999999999865e-01 -7.369520000000000515e-01
4.542740000000000111e-01 -7.406599999999999850e-01
4.527430000000000065e-01 -7.441680000000000517e-01
4.511600000000000055e-01 -7.474880000000000413e-01
4.495299999999999851e-01 -7.506369999999999987e-01
4.478579999999999783e-01 -7.536319999999999686e-01
4.461490000000000178e-01 -7.564899999999999958e-01
4.444069999999999965e-01 -7.592299999999999605e-01
4.426390000000000047e-01 -7.618679999999999897e-01
4.408480000000000176e-01 -7.644199999999999884e-01
4.390299999999999758e-01 -7.668779999999999486e-01
4.371700000000000030e-01 -7.692109999999999781e-01
4.352530000000000010e-01 -7.713870000000000449e-01
4.332659999999999845e-01 -7.733729999999999771e-01
4.311920000000000197e-01 -7.751369999999999649e-01
4.290180000000000105e-01 -7.766459999999999475e-01
4.267279999999999962e-01 -7.778669999999999751e-01
4.243100000000000205e-01 -7.787730000000000485e-01
4.217659999999999743e-01 -7.793839999999999657e-01
4.191099999999999826e-01 -7.797530000000000294e-01
4.163549999999999751e-01 -7.799300000000000122e-01
4.135150000000000214e-01 -7.799690000000000234e-01
4.106029999999999958e-01 -7.799199999999999466e-01
4.076319999999999943e-01 -7.798359999999999737e-01
4.046159999999999757e-01 -7.797699999999999632e-01
4.015690000000000093e-01 -7.797650000000000414e-01
3.985000000000000209e-01 -7.798220000000000152e-01
3.954210000000000225e-01 -7.799260000000000081e-01
3.923409999999999953e-01 -7.800629999999999509e-01
3.892720000000000069e-01 -7.802179999999999671e-01
3.862220000000000097e-01 -7.803759999999999586e-01
3.832030000000000158e-01 -7.805239999999999956e-01
3.802260000000000084e-01 -7.806450000000000333e-01
3.772989999999999955e-01 -7.807260000000000311e-01
3.744339999999999891e-01 -7.807509999999999728e-01
3.716400000000000259e-01 -7.807070000000000398e-01
3.689290000000000069e-01 -7.805779999999999941e-01
3.663100000000000245e-01 -7.803499999999999881e-01
3.637940000000000063e-01 -7.800089999999999524e-01
3.613910000000000178e-01 -7.795379999999999532e-01
3.591119999999999868e-01 -7.789249999999999785e-01
3.569459999999999855e-01 -7.781620000000000203e-01
3.548470000000000235e-01 -7.772559999999999469e-01
3.527589999999999892e-01 -7.762189999999999923e-01
3.506290000000000240e-01 -7.750609999999999999e-01
3.484030000000000182e-01 -7.737929999999999531e-01
3.460269999999999735e-01 -7.724229999999999707e-01
3.434470000000000023e-01 -7.709639999999999826e-01
3.406120000000000259e-01 -7.694250000000000256e-01
3.375349999999999739e-01 -7.678160000000000540e-01
3.342990000000000128e-01 -7.661480000000000512e-01
3.309900000000000064e-01 -7.644320000000000004e-01
3.276939999999999853e-01 -7.626770000000000493e-01
3.244969999999999799e-01 -7.608949999999999880e-01
3.214859999999999940e-01 -7.590949999999999642e-01
3.187459999999999738e-01 -7.572870000000000434e-01
3.163590000000000013e-01 -7.554809999999999581e-01
3.143409999999999815e-01 -7.536720000000000086e-01
3.126700000000000035e-01 -7.518430000000000391e-01
3.113210000000000144e-01 -7.499810000000000088e-01
3.102719999999999922e-01 -7.480689999999999840e-01
3.094990000000000241e-01 -7.460930000000000062e-01
3.089790000000000036e-01 -7.440390000000000059e-01
3.086889999999999912e-01 -7.418900000000000494e-01
3.086039999999999894e-01 -7.396340000000000137e-01
3.087010000000000032e-01 -7.372840000000000504e-01
3.089580000000000104e-01 -7.348580000000000112e-01
3.093500000000000139e-01 -7.323790000000000022e-01
3.098540000000000183e-01 -7.298670000000000435e-01
3.104469999999999730e-01 -7.273420000000000440e-01
3.111050000000000204e-01 -7.248250000000000526e-01
3.118049999999999988e-01 -7.223380000000000356e-01
3.125290000000000012e-01 -7.198980000000000379e-01
3.132770000000000277e-01 -7.175139999999999851e-01
3.140539999999999998e-01 -7.151920000000000499e-01
3.148639999999999772e-01 -7.129410000000000469e-01
3.157119999999999926e-01 -7.107649999999999801e-01
3.166019999999999945e-01 -7.086729999999999974e-01
3.175390000000000157e-01 -7.066710000000000491e-01
3.185259999999999758e-01 -7.047660000000000036e-01
3.195689999999999920e-01 -7.029450000000000420e-01
3.206720000000000126e-01 -7.011579999999999480e-01
3.218389999999999862e-01 -6.993470000000000519e-01
3.230750000000000011e-01 -6.974569999999999936e-01
3.243840000000000057e-01 -6.954299999999999926e-01
3.257709999999999773e-01 -6.932110000000000216e-01
3.272390000000000021e-01 -6.907419999999999671e-01
3.287950000000000039e-01 -6.879690000000000527e-01
3.304730000000000167e-01 -6.848429999999999795e-01
3.323450000000000015e-01 -6.813310000000000199e-01
3.344889999999999808e-01 -6.773989999999999734e-01
3.369779999999999998e-01 -6.730159999999999476e-01
3.397990000000000177e-01 -6.682660000000000267e-01
3.427700000000000191e-01 -6.634459999999999802e-01
3.456929999999999725e-01 -6.588770000000000460e-01
3.483749999999999902e-01 -6.548650000000000304e-01
3.507629999999999915e-01 -6.514630000000000143e-01
3.529169999999999807e-01 -6.485100000000000309e-01
3.549010000000000220e-01 -6.458359999999999657e-01
3.567799999999999860e-01 -6.432719999999999549e-01
3.586070000000000091e-01 -6.407080000000000553e-01
3.604220000000000201e-01 -6.380989999999999718e-01
3.622659999999999769e-01 -6.354030000000000511e-01
3.641769999999999730e-01 -6.325840000000000352e-01
3.661809999999999787e-01 -6.296469999999999567e-01
3.682949999999999835e-01 -6.266249999999999876e-01
3.705370000000000053e-01 -6.235479999999999912e-01
3.729250000000000065e-01 -6.204490000000000283e-01
3.754759999999999764e-01 -6.173610000000000486e-01
3.782079999999999886e-01 -6.143150000000000555e-01
3.811379999999999768e-01 -6.113450000000000273e-01
3.842780000000000085e-01 -6.084709999999999841e-01
3.876080000000000081e-01 -6.056690000000000129e-01
3.910969999999999724e-01 -6.028930000000000122e-01
3.947140000000000093e-01 -6.000990000000000490e-01
3.984269999999999756e-01 -5.972439999999999971e-01
4.022069999999999812e-01 -5.942819999999999769e-01
4.060219999999999940e-01 -5.911710000000000020e-01
4.098399999999999821e-01 -5.878640000000000532e-01
4.136369999999999769e-01 -5.843340000000000201e-01
4.174019999999999953e-01 -5.806010000000000337e-01
4.211309999999999776e-01 -5.766930000000000112e-01
4.248179999999999734e-01 -5.726409999999999556e-01
4.284560000000000035e-01 -5.684759999999999813e-01
4.320419999999999816e-01 -5.642260000000000053e-01
4.355680000000000107e-01 -5.599239999999999773e-01
4.390299999999999758e-01 -5.555970000000000075e-01
4.424219999999999819e-01 -5.512770000000000170e-01
4.457380000000000231e-01 -5.469939999999999802e-01
4.489730000000000110e-01 -5.427769999999999539e-01
4.521209999999999951e-01 -5.386570000000000524e-01
4.551769999999999983e-01 -5.346640000000000281e-01
4.581339999999999857e-01 -5.308279999999999665e-01
4.609880000000000089e-01 -5.271780000000000355e-01
4.637339999999999796e-01 -5.237420000000000408e-01
4.663729999999999820e-01 -5.204849999999999755e-01
4.689159999999999995e-01 -5.173170000000000268e-01
4.713709999999999845e-01 -5.141499999999999959e-01
4.737489999999999757e-01 -5.108930000000000415e-01
4.760599999999999832e-01 -5.074560000000000182e-01
4.783120000000000149e-01 -5.037500000000000311e-01
4.805150000000000254e-01 -4.996849999999999903e-01
4.826799999999999979e-01 -4.951820000000000110e-01
4.848149999999999959e-01 -4.902730000000000143e-01
4.869299999999999740e-01 -4.850519999999999832e-01
4.890349999999999975e-01 -4.796099999999999808e-01
4.911389999999999922e-01 -4.740400000000000169e-01
4.932520000000000238e-01 -4.684369999999999923e-01
4.953839999999999910e-01 -4.628920000000000257e-01
4.975439999999999863e-01 -4.574989999999999890e-01
4.997409999999999908e-01 -4.523329999999999851e-01
5.019770000000000065e-01 -4.473949999999999871e-01
5.042529999999999513e-01 -4.426640000000000019e-01
4.101670000000000038e-01 -3.239890000000000270e-01
4.111639999999999739e-01 -3.235250000000000070e-01
4.115809999999999746e-01 -3.230450000000000266e-01
4.114689999999999737e-01 -3.225529999999999786e-01
4.108780000000000210e-01 -3.220529999999999782e-01
4.098600000000000021e-01 -3.215489999999999737e-01
4.084670000000000245e-01 -3.210450000000000248e-01
4.067490000000000272e-01 -3.205430000000000224e-01
4.047580000000000067e-01 -3.200489999999999724e-01
4.025449999999999862e-01 -3.195669999999999900e-01
4.001620000000000177e-01 -3.190990000000000215e-01
3.976580000000000115e-01 -3.186499999999999888e-01
3.950870000000000215e-01 -3.182229999999999781e-01
3.924980000000000135e-01 -3.178230000000000222e-01
3.899429999999999841e-01 -3.174529999999999852e-01
3.874730000000000119e-01 -3.171169999999999822e-01
3.851399999999999824e-01 -3.168199999999999905e-01
3.829730000000000079e-01 -3.165640000000000120e-01
3.809549999999999881e-01 -3.163529999999999953e-01
3.790640000000000120e-01 -3.161919999999999731e-01
3.772769999999999735e-01 -3.160850000000000048e-01
3.755729999999999902e-01 -3.160339999999999816e-01
3.739290000000000114e-01 -3.160450000000000204e-01
3.723219999999999863e-01 -3.161200000000000121e-01
3.707309999999999772e-01 -3.162639999999999896e-01
3.691340000000000177e-01 -3.164799999999999836e-01
3.675069999999999726e-01 -3.167719999999999980e-01
3.658279999999999865e-01 -3.171450000000000102e-01
3.640760000000000107e-01 -3.176019999999999954e-01
3.622279999999999944e-01 -3.181459999999999844e-01
3.602620000000000267e-01 -3.187820000000000098e-01
3.581550000000000011e-01 -3.195140000000000202e-01
3.558859999999999801e-01 -3.203440000000000176e-01
3.534680000000000044e-01 -3.212709999999999733e-01
3.509619999999999962e-01 -3.222809999999999842e-01
3.484289999999999887e-01 -3.233619999999999828e-01
3.459309999999999885e-01 -3.245020000000000127e-01
3.435320000000000040e-01 -3.256870000000000043e-01
3.412939999999999863e-01 -3.269039999999999724e-01
3.392800000000000260e-01 -3.281410000000000160e-01
3.375480000000000147e-01 -3.293849999999999834e-01
3.360949999999999771e-01 -3.306239999999999735e-01
3.348590000000000177e-01 -3.318439999999999723e-01
3.337749999999999884e-01 -3.330319999999999947e-01
3.327789999999999915e-01 -3.341759999999999731e-01
3.318070000000000186e-01 -3.352640000000000065e-01
3.307930000000000037e-01 -3.362809999999999966e-01
3.296740000000000226e-01 -3.372160000000000157e-01
3.283889999999999865e-01 -3.380610000000000004e-01
3.269299999999999984e-01 -3.388650000000000273e-01
3.253220000000000001e-01 -3.397140000000000160e-01
3.235890000000000155e-01 -3.406980000000000008e-01
3.217570000000000152e-01 -3.419030000000000125e-01
3.198509999999999964e-01 -3.434169999999999723e-01
3.178969999999999851e-01 -3.453269999999999951e-01
3.159190000000000054e-01 -3.477219999999999756e-01
3.139440000000000008e-01 -3.506699999999999817e-01
3.119959999999999956e-01 -3.541019999999999723e-01
3.101010000000000155e-01 -3.578850000000000087e-01
3.082829999999999737e-01 -3.618870000000000142e-01
3.065689999999999804e-01 -3.659789999999999988e-01
3.049839999999999773e-01 -3.700510000000000188e-01
3.035519999999999885e-01 -3.740200000000000191e-01
3.022989999999999844e-01 -3.778569999999999984e-01
3.012389999999999790e-01 -3.815490000000000270e-01
3.003649999999999931e-01 -3.850939999999999919e-01
2.996699999999999919e-01 -3.884929999999999772e-01
2.991449999999999942e-01 -3.917439999999999811e-01
2.987830000000000208e-01 -3.948479999999999768e-01
2.985740000000000061e-01 -3.978050000000000197e-01
2.985119999999999996e-01 -4.006149999999999989e-01
2.985880000000000201e-01 -4.032769999999999966e-01
2.987940000000000040e-01 -4.057919999999999860e-01
2.991219999999999990e-01 -4.081589999999999940e-01
2.995639999999999969e-01 -4.103789999999999938e-01
3.001110000000000166e-01 -4.124510000000000121e-01
3.007569999999999966e-01 -4.143749999999999933e-01
3.014910000000000090e-01 -4.161520000000000219e-01
3.023080000000000211e-01 -4.177799999999999847e-01
3.031980000000000230e-01 -4.192609999999999948e-01
3.041530000000000067e-01 -4.206050000000000066e-01
3.051650000000000196e-01 -4.218270000000000075e-01
3.062270000000000270e-01 -4.229430000000000134e-01
3.073299999999999921e-01 -4.239669999999999828e-01
3.084649999999999892e-01 -4.249160000000000159e-01
3.096260000000000123e-01 -4.258049999999999891e-01
3.108040000000000247e-01 -4.266490000000000005e-01
3.119899999999999896e-01 -4.274629999999999819e-01
3.131780000000000119e-01 -4.282509999999999928e-01
3.143580000000000263e-01 -4.290129999999999777e-01
3.155220000000000247e-01 -4.297500000000000209e-01
3.166629999999999723e-01 -4.304589999999999805e-01
3.177730000000000277e-01 -4.311420000000000252e-01
3.188420000000000143e-01 -4.317969999999999864e-01
3.198650000000000104e-01 -4.324250000000000038e-01
3.208320000000000061e-01 -4.330249999999999932e-01
3.217510000000000092e-01 -4.336010000000000142e-01
3.226299999999999724e-01 -4.341579999999999884e-01
3.234799999999999898e-01 -4.347010000000000041e-01
3.243090000000000139e-01 -4.352349999999999830e-01
3.251279999999999726e-01 -4.357650000000000134e-01
3.259449999999999847e-01 -4.362960000000000171e-01
3.267720000000000069e-01 -4.368319999999999981e-01
3.276169999999999916e-01 -4.373790000000000178e-01
3.284909999999999775e-01 -4.379419999999999980e-01
3.294030000000000014e-01 -4.385260000000000269e-01
3.303619999999999890e-01 -4.391360000000000263e-01
3.313780000000000059e-01 -4.397760000000000002e-01
3.324619999999999798e-01 -4.404520000000000102e-01
3.336219999999999741e-01 -4.411689999999999778e-01
3.348679999999999990e-01 -4.419310000000000183e-01
3.362080000000000068e-01 -4.427400000000000224e-01
3.376359999999999917e-01 -4.435810000000000031e-01
3.391429999999999723e-01 -4.444330000000000225e-01
3.407209999999999961e-01 -4.452760000000000051e-01
3.423590000000000244e-01 -4.460899999999999865e-01
3.440500000000000225e-01 -4.468539999999999734e-01
3.457850000000000090e-01 -4.475480000000000014e-01
3.475539999999999741e-01 -4.481519999999999948e-01
3.493499999999999939e-01 -4.486539999999999973e-01
3.511619999999999742e-01 -4.490649999999999920e-01
3.529820000000000180e-01 -4.493980000000000197e-01
3.548020000000000063e-01 -4.496680000000000121e-01
3.566110000000000113e-01 -4.498880000000000101e-01
3.584019999999999984e-01 -4.500730000000000008e-01
3.601659999999999862e-01 -4.502369999999999983e-01
3.618970000000000242e-01 -4.503929999999999878e-01
3.636380000000000168e-01 -4.505440000000000000e-01
3.654580000000000051e-01 -4.506870000000000043e-01
3.674279999999999768e-01 -4.508190000000000253e-01
3.696180000000000021e-01 -4.509349999999999747e-01
3.721010000000000151e-01 -4.510339999999999905e-01
3.749460000000000015e-01 -4.511100000000000110e-01
3.782229999999999759e-01 -4.511620000000000075e-01
3.819850000000000190e-01 -4.511850000000000027e-01
3.861530000000000240e-01 -4.511760000000000215e-01
3.906040000000000068e-01 -4.511319999999999775e-01
3.952100000000000057e-01 -4.510500000000000065e-01
3.998479999999999812e-01 -4.509250000000000203e-01
4.043919999999999737e-01 -4.507550000000000168e-01
4.087160000000000237e-01 -4.505359999999999920e-01
4.126949999999999785e-01 -4.502639999999999976e-01
4.162270000000000136e-01 -4.499369999999999759e-01
4.193189999999999973e-01 -4.495509999999999784e-01
4.220099999999999962e-01 -4.491029999999999744e-01
4.243410000000000237e-01 -4.485890000000000155e-01
4.263500000000000068e-01 -4.480049999999999866e-01
4.280780000000000141e-01 -4.473489999999999966e-01
4.295629999999999726e-01 -4.466169999999999862e-01
4.308460000000000067e-01 -4.458059999999999801e-01
4.319669999999999899e-01 -4.449119999999999742e-01
4.329629999999999868e-01 -4.439310000000000200e-01
4.338770000000000127e-01 -4.428619999999999779e-01
4.347460000000000213e-01 -4.416990000000000083e-01
4.356110000000000260e-01 -4.404390000000000249e-01
4.365109999999999824e-01 -4.390800000000000258e-01
4.374859999999999860e-01 -4.376180000000000070e-01
4.385749999999999926e-01 -4.360499999999999932e-01
4.397989999999999955e-01 -4.343730000000000091e-01
4.411359999999999726e-01 -4.325890000000000013e-01
4.425620000000000109e-01 -4.307010000000000005e-01
4.440500000000000003e-01 -4.287119999999999820e-01
4.455729999999999968e-01 -4.266220000000000012e-01
4.471060000000000034e-01 -4.244350000000000067e-01
4.486209999999999920e-01 -4.221530000000000005e-01
4.500939999999999941e-01 -4.197779999999999845e-01
4.514980000000000104e-01 -4.173160000000000203e-01
4.528059999999999863e-01 -4.147790000000000088e-01
4.539920000000000067e-01 -4.121790000000000176e-01
4.550310000000000188e-01 -4.095260000000000011e-01
4.558960000000000234e-01 -4.068330000000000002e-01
4.565609999999999946e-01 -4.041109999999999980e-01
4.570000000000000173e-01 -4.013709999999999778e-01
4.571879999999999833e-01 -3.986250000000000071e-01
4.571270000000000056e-01 -3.958800000000000097e-01
4.568360000000000198e-01 -3.931419999999999915e-01
4.563360000000000194e-01 -3.904139999999999833e-01
4.556479999999999975e-01 -3.877039999999999931e-01
4.547919999999999741e-01 -3.850140000000000229e-01
4.537889999999999979e-01 -3.823509999999999964e-01
4.526589999999999780e-01 -3.797180000000000000e-01
4.514239999999999919e-01 -3.771240000000000148e-01
4.501029999999999753e-01 -3.745850000000000013e-01
4.487180000000000057e-01 -3.721249999999999836e-01
4.472880000000000189e-01 -3.697679999999999856e-01
4.458349999999999813e-01 -3.675370000000000026e-01
4.443779999999999952e-01 -3.654569999999999763e-01
4.429400000000000004e-01 -3.635499999999999843e-01
4.415390000000000148e-01 -3.618379999999999930e-01
4.401900000000000257e-01 -3.602639999999999731e-01
4.388960000000000083e-01 -3.586599999999999788e-01
4.376599999999999935e-01 -3.568529999999999758e-01
4.364870000000000139e-01 -3.546679999999999833e-01
4.353779999999999872e-01 -3.520389999999999908e-01
4.343380000000000019e-01 -3.491150000000000087e-01
4.333679999999999755e-01 -3.460699999999999887e-01
4.324740000000000251e-01 -3.430790000000000228e-01
4.316570000000000129e-01 -3.403200000000000114e-01
4.309209999999999985e-01 -3.379690000000000194e-01
4.302699999999999858e-01 -3.362049999999999761e-01
4.297050000000000036e-01 -3.352029999999999732e-01
4.292309999999999737e-01 -3.349429999999999907e-01
4.288509999999999822e-01 -3.351359999999999895e-01
4.285680000000000045e-01 -3.354719999999999924e-01
4.283850000000000158e-01 -3.356569999999999832e-01
4.283000000000000140e-01 -3.356060000000000154e-01
4.283080000000000220e-01 -3.353749999999999787e-01
4.284060000000000090e-01 -3.350230000000000152e-01
4.285880000000000245e-01 -3.346080000000000165e-01
4.288500000000000090e-01 -3.341879999999999851e-01
4.291860000000000119e-01 -3.338229999999999809e-01
4.295939999999999759e-01 -3.335710000000000064e-01
4.300669999999999771e-01 -3.334909999999999819e-01
4.306010000000000115e-01 -3.336410000000000209e-01
4.311920000000000197e-01 -3.340799999999999881e-01
4.318350000000000244e-01 -3.348670000000000258e-01
4.325260000000000216e-01 -3.360600000000000254e-01
4.332590000000000052e-01 -3.377189999999999914e-01
4.340300000000000269e-01 -3.399010000000000087e-01
4.348339999999999983e-01 -3.426649999999999974e-01
4.356670000000000265e-01 -3.460360000000000102e-01
4.365240000000000231e-01 -3.499010000000000176e-01
4.374000000000000110e-01 -3.541110000000000091e-01
4.382889999999999842e-01 -3.585180000000000033e-01
4.391860000000000208e-01 -3.629760000000000209e-01
4.400859999999999772e-01 -3.673370000000000246e-01
4.409850000000000159e-01 -3.714529999999999776e-01
4.418770000000000198e-01 -3.751760000000000095e-01
4.427570000000000117e-01 -3.784150000000000014e-01
4.436189999999999856e-01 -3.812260000000000093e-01
4.444589999999999930e-01 -3.836910000000000043e-01
4.452720000000000011e-01 -3.858920000000000128e-01
4.460529999999999773e-01 -3.879099999999999770e-01
4.467960000000000265e-01 -3.898269999999999791e-01
4.474960000000000049e-01 -3.917249999999999899e-01
4.481490000000000196e-01 -3.936850000000000072e-01
4.487510000000000110e-01 -3.957620000000000027e-01
4.493030000000000079e-01 -3.979509999999999992e-01
4.498090000000000144e-01 -4.002410000000000134e-01
4.502689999999999748e-01 -4.026210000000000067e-01
4.506870000000000043e-01 -4.050799999999999956e-01
4.510640000000000205e-01 -4.076069999999999971e-01
4.514020000000000254e-01 -4.101909999999999723e-01
4.517030000000000212e-01 -4.128200000000000203e-01
4.519699999999999829e-01 -4.154840000000000200e-01
4.522039999999999949e-01 -4.181710000000000149e-01
4.524070000000000036e-01 -4.208700000000000219e-01
4.525830000000000131e-01 -4.235700000000000021e-01
4.527320000000000233e-01 -4.262599999999999723e-01
4.528570000000000095e-01 -4.289279999999999760e-01
4.529590000000000005e-01 -4.315649999999999764e-01
4.530420000000000003e-01 -4.341610000000000191e-01
4.531060000000000088e-01 -4.367309999999999803e-01
4.531529999999999725e-01 -4.392980000000000218e-01
4.531839999999999757e-01 -4.418849999999999723e-01
4.532010000000000205e-01 -4.445129999999999915e-01
4.532039999999999957e-01 -4.472059999999999924e-01
4.531950000000000145e-01 -4.499870000000000259e-01
4.531760000000000232e-01 -4.528769999999999740e-01
4.531479999999999952e-01 -4.559000000000000274e-01
4.531120000000000148e-01 -4.590779999999999861e-01
4.530699999999999728e-01 -4.624340000000000117e-01
4.530219999999999803e-01 -4.659900000000000153e-01
4.529710000000000125e-01 -4.697700000000000209e-01
4.529170000000000140e-01 -4.737959999999999949e-01
4.528619999999999868e-01 -4.780889999999999862e-01
4.528079999999999883e-01 -4.826739999999999919e-01
4.527550000000000185e-01 -4.875490000000000101e-01
4.527050000000000241e-01 -4.926530000000000076e-01
4.526600000000000068e-01 -4.979190000000000005e-01
4.526200000000000223e-01 -5.032759999999999456e-01
4.525870000000000171e-01 -5.086549999999999683e-01
4.525620000000000198e-01 -5.139890000000000292e-01
4.525469999999999771e-01 -5.192080000000000028e-01
4.525429999999999731e-01 -5.242430000000000145e-01
4.525520000000000098e-01 -5.290559999999999707e-01
4.525739999999999763e-01 -5.336579999999999657e-01
4.526109999999999856e-01 -5.380690000000000195e-01
4.526649999999999840e-01 -5.423050000000000370e-01
4.527370000000000005e-01 -5.463829999999999520e-01
4.528269999999999795e-01 -5.503219999999999779e-01
4.529380000000000073e-01 -5.541380000000000194e-01
4.530710000000000015e-01 -5.578490000000000393e-01
4.532260000000000177e-01 -5.614719999999999711e-01
4.534000000000000252e-01 -5.650230000000000530e-01
4.535890000000000200e-01 -5.685160000000000213e-01
4.537919999999999732e-01 -5.719670000000000032e-01
4.540060000000000207e-01 -5.753909999999999858e-01
4.542260000000000186e-01 -5.788039999999999852e-01
4.544520000000000226e-01 -5.822199999999999598e-01
4.546789999999999998e-01 -5.856559999999999544e-01
4.549050000000000038e-01 -5.891260000000000385e-01
4.551270000000000038e-01 -5.926460000000000061e-01
4.553420000000000245e-01 -5.962309999999999555e-01
4.555469999999999797e-01 -5.998959999999999848e-01
4.557390000000000052e-01 -6.036569999999999991e-01
4.559159999999999879e-01 -6.075289999999999857e-01
4.560739999999999794e-01 -6.115270000000000428e-01
4.562109999999999776e-01 -6.156660000000000466e-01
4.563240000000000074e-01 -6.199419999999999931e-01
4.564090000000000091e-01 -6.243349999999999733e-01
4.564650000000000096e-01 -6.288270000000000248e-01
4.564880000000000049e-01 -6.333969999999999878e-01
4.564739999999999909e-01 -6.380259999999999820e-01
4.564219999999999944e-01 -6.426950000000000163e-01
4.563289999999999846e-01 -6.473830000000000418e-01
4.561910000000000132e-01 -6.520709999999999562e-01
4.560060000000000224e-01 -6.567300000000000360e-01
4.557700000000000085e-01 -6.613299999999999734e-01
4.554810000000000247e-01 -6.658389999999999587e-01
4.551370000000000138e-01 -6.702259999999999884e-01
4.547329999999999983e-01 -6.744599999999999485e-01
4.542680000000000051e-01 -6.785080000000000000e-01
4.537370000000000014e-01 -6.823420000000000041e-01
4.531310000000000060e-01 -6.859730000000000549e-01
4.524250000000000216e-01 -6.894639999999999658e-01
4.515989999999999727e-01 -6.928819999999999979e-01
4.506290000000000018e-01 -6.962930000000000508e-01
4.494920000000000027e-01 -6.997649999999999704e-01
4.481649999999999801e-01 -7.033639999999999892e-01
4.466269999999999962e-01 -7.071560000000000068e-01
4.448559999999999737e-01 -7.112030000000000296e-01
4.428619999999999779e-01 -7.154909999999999881e-01
4.406789999999999874e-01 -7.199470000000000036e-01
4.383420000000000094e-01 -7.244969999999999466e-01
4.358839999999999937e-01 -7.290649999999999631e-01
4.333409999999999762e-01 -7.335770000000000346e-01
4.307460000000000178e-01 -7.379590000000000316e-01
4.281340000000000146e-01 -7.421349999999999891e-01
4.255380000000000273e-01 -7.460350000000000037e-01
4.229700000000000126e-01 -7.496420000000000305e-01
4.204300000000000259e-01 -7.529770000000000074e-01
4.179140000000000077e-01 -7.560599999999999543e-01
4.154220000000000135e-01 -7.589139999999999775e-01
4.129510000000000125e-01 -7.615589999999999860e-01
4.104999999999999760e-01 -7.640169999999999462e-01
4.080679999999999863e-01 -7.663079999999999892e-01
4.056509999999999838e-01 -7.684509999999999952e-01
4.032490000000000241e-01 -7.704450000000000465e-01
4.008590000000000209e-01 -7.722769999999999913e-01
3.984809999999999741e-01 -7.739359999999999573e-01
3.961109999999999909e-01 -7.754130000000000189e-01
3.937490000000000157e-01 -7.766960000000000530e-01
3.913920000000000177e-01 -7.777730000000000476e-01
3.890390000000000237e-01 -7.786349999999999660e-01
3.866829999999999989e-01 -7.792740000000000222e-01
3.843030000000000057e-01 -7.796999999999999487e-01
3.818739999999999912e-01 -7.799260000000000081e-01
3.793710000000000138e-01 -7.799629999999999619e-01
3.767699999999999938e-01 -7.798239999999999617e-01
3.740459999999999896e-01 -7.795210000000000194e-01
3.711749999999999772e-01 -7.790660000000000363e-01
3.681329999999999880e-01 -7.784720000000000528e-01
3.649189999999999934e-01 -7.777509999999999701e-01
3.615780000000000105e-01 -7.769150000000000222e-01
3.581590000000000051e-01 -7.759759999999999991e-01
3.547120000000000273e-01 -7.749460000000000237e-01
3.512859999999999872e-01 -7.738380000000000258e-01
3.479300000000000170e-01 -7.726640000000000175e-01
3.446949999999999736e-01 -7.714360000000000106e-01
3.416270000000000140e-01 -7.701660000000000172e-01
3.387530000000000263e-01 -7.688450000000000006e-01
3.360690000000000066e-01 -7.674419999999999575e-01
3.335699999999999776e-01 -7.659240000000000492e-01
3.312519999999999909e-01 -7.642600000000000504e-01
3.291100000000000136e-01 -7.624140000000000361e-01
3.271379999999999844e-01 -7.603569999999999496e-01
3.253329999999999833e-01 -7.580529999999999768e-01
3.236899999999999777e-01 -7.554779999999999829e-01
3.222039999999999904e-01 -7.526659999999999462e-01
3.208699999999999886e-01 -7.496979999999999755e-01
3.196840000000000237e-01 -7.466519999999999824e-01
3.186399999999999788e-01 -7.436070000000000180e-01
3.177349999999999897e-01 -7.406420000000000226e-01
3.169629999999999947e-01 -7.378369999999999651e-01
3.163190000000000168e-01 -7.352699999999999791e-01
3.158020000000000271e-01 -7.329489999999999617e-01
3.154089999999999949e-01 -7.307479999999999531e-01
3.151410000000000045e-01 -7.285230000000000317e-01
3.149989999999999735e-01 -7.261330000000000284e-01
3.149819999999999842e-01 -7.234359999999999680e-01
3.150890000000000080e-01 -7.202899999999999858e-01
3.153219999999999912e-01 -7.165519999999999667e-01
3.156800000000000161e-01 -7.120870000000000255e-01
3.161619999999999986e-01 -7.069290000000000296e-01
3.167699999999999960e-01 -7.012890000000000512e-01
3.175020000000000064e-01 -6.953880000000000061e-01
3.183590000000000031e-01 -6.894470000000000320e-01
3.193409999999999860e-01 -6.836849999999999872e-01
3.204480000000000106e-01 -6.783230000000000093e-01
3.216800000000000215e-01 -6.735809999999999853e-01
3.230359999999999898e-01 -6.696609999999999507e-01
3.245129999999999959e-01 -6.665250000000000341e-01
3.261069999999999802e-01 -6.639819999999999611e-01
3.278119999999999923e-01 -6.618340000000000334e-01
3.296229999999999993e-01 -6.598880000000000301e-01
3.315350000000000241e-01 -6.579460000000000308e-01
3.335429999999999784e-01 -6.558150000000000368e-01
3.356419999999999959e-01 -6.532980000000000453e-01
3.378260000000000152e-01 -6.502219999999999667e-01
3.400909999999999767e-01 -6.466169999999999973e-01
3.424320000000000142e-01 -6.426150000000000473e-01
3.448430000000000106e-01 -6.383520000000000305e-01
3.473200000000000176e-01 -6.339620000000000255e-01
3.498569999999999736e-01 -6.295789999999999997e-01
3.524490000000000123e-01 -6.253370000000000317e-01
3.550909999999999900e-01 -6.213720000000000354e-01
3.577710000000000057e-01 -6.177890000000000326e-01
3.604370000000000074e-01 -6.145549999999999624e-01
3.630260000000000153e-01 -6.115949999999999998e-01
3.654769999999999963e-01 -6.088289999999999536e-01
3.677420000000000133e-01 -6.061830000000000274e-01
3.699060000000000126e-01 -6.035779999999999479e-01
3.721149999999999736e-01 -6.009370000000000545e-01
3.745120000000000116e-01 -5.981849999999999667e-01
3.772159999999999958e-01 -5.952610000000000401e-01
3.802159999999999984e-01 -5.921870000000000189e-01
3.834690000000000043e-01 -5.890060000000000295e-01
3.869299999999999962e-01 -5.857609999999999761e-01
3.905540000000000123e-01 -5.824949999999999850e-01
3.942970000000000086e-01 -5.792509999999999604e-01
3.981160000000000254e-01 -5.760720000000000285e-01
4.019650000000000167e-01 -5.730009999999999826e-01
4.058030000000000248e-01 -5.700659999999999616e-01
4.096000000000000196e-01 -5.672519999999999785e-01
4.133240000000000247e-01 -5.645400000000000418e-01
4.169459999999999833e-01 -5.619089999999999918e-01
4.204339999999999744e-01 -5.593399999999999483e-01
4.237600000000000255e-01 -5.568119999999999736e-01
4.268910000000000204e-01 -5.543040000000000189e-01
4.297980000000000134e-01 -5.517980000000000107e-01
4.324810000000000043e-01 -5.492730000000000112e-01
4.349970000000000225e-01 -5.467079999999999718e-01
4.374109999999999943e-01 -5.440840000000000121e-01
4.397900000000000142e-01 -5.413799999999999724e-01
4.421990000000000087e-01 -5.385760000000000547e-01
4.447030000000000149e-01 -5.356520000000000170e-01
4.473679999999999879e-01 -5.325879999999999503e-01
4.502430000000000043e-01 -5.293710000000000360e-01
4.532889999999999975e-01 -5.260270000000000223e-01
4.564380000000000104e-01 -5.225940000000000030e-01
