4.534110000000000085e-01 -5.383139999999999592e-01
4.561299999999999799e-01 -5.342430000000000234e-01
4.586979999999999946e-01 -5.302729999999999944e-01
4.610699999999999799e-01 -5.264569999999999528e-01
4.632040000000000046e-01 -5.228429999999999467e-01
4.650569999999999982e-01 -5.194839999999999458e-01
4.666060000000000207e-01 -5.164090000000000069e-01
4.678979999999999806e-01 -5.135650000000000492e-01
4.689949999999999952e-01 -5.108840000000000048e-01
4.699619999999999909e-01 -5.082989999999999453e-01
4.708600000000000008e-01 -5.057399999999999674e-01
4.717520000000000047e-01 -5.031379999999999741e-01
4.727020000000000111e-01 -5.004260000000000375e-01
4.737700000000000244e-01 -4.975370000000000070e-01
4.749849999999999905e-01 -4.944430000000000214e-01
4.763319999999999776e-01 -4.911659999999999915e-01
4.777959999999999985e-01 -4.877290000000000236e-01
4.793620000000000103e-01 -4.841550000000000020e-01
4.810150000000000259e-01 -4.804669999999999774e-01
4.827400000000000024e-01 -4.766889999999999739e-01
4.845209999999999795e-01 -4.728430000000000133e-01
4.863430000000000253e-01 -4.689530000000000087e-01
4.881909999999999861e-01 -4.650409999999999822e-01
4.900490000000000124e-01 -4.611319999999999864e-01
4.919029999999999792e-01 -4.572479999999999878e-01
4.937369999999999814e-01 -4.534119999999999817e-01
4.955350000000000033e-01 -4.496479999999999921e-01
4.972829999999999750e-01 -4.459790000000000143e-01
4.989649999999999919e-01 -4.424279999999999879e-01
5.005680000000000129e-01 -4.390149999999999886e-01
5.020989999999999620e-01 -4.357400000000000162e-01
5.035739999999999661e-01 -4.325879999999999725e-01
5.050130000000000452e-01 -4.295439999999999814e-01
5.064319999999999933e-01 -4.265939999999999732e-01
5.078500000000000236e-01 -4.237219999999999875e-01
5.092860000000000165e-01 -4.209140000000000104e-01
5.107570000000000165e-01 -4.181549999999999989e-01
5.122809999999999864e-01 -4.154300000000000215e-01
5.138759999999999994e-01 -4.127239999999999798e-01
5.155600000000000183e-01 -4.100239999999999996e-01
5.173510000000000053e-01 -4.073129999999999806e-01
5.192670000000000341e-01 -4.045770000000000199e-01
5.213269999999999849e-01 -4.018019999999999925e-01
5.235480000000000134e-01 -3.989719999999999933e-01
5.259479999999999711e-01 -3.960730000000000084e-01
5.285360000000000058e-01 -3.930989999999999762e-01
5.313039999999999985e-01 -3.900609999999999911e-01
5.342400000000000482e-01 -3.869750000000000134e-01
5.373339999999999783e-01 -3.838550000000000018e-01
5.405750000000000277e-01 -3.807139999999999969e-01
5.439500000000000446e-01 -3.775669999999999860e-01
5.474510000000000209e-01 -3.744279999999999831e-01
5.510650000000000270e-01 -3.713119999999999754e-01
5.547809999999999686e-01 -3.682320000000000038e-01
5.585890000000000022e-01 -3.652029999999999998e-01
5.624770000000000048e-01 -3.622400000000000064e-01
5.664350000000000218e-01 -3.593549999999999800e-01
5.704510000000000414e-01 -3.565650000000000208e-01
5.745149999999999979e-01 -3.538830000000000031e-01
5.786149999999999904e-01 -3.513220000000000232e-01
5.827409999999999535e-01 -3.488979999999999859e-01
5.868820000000000148e-01 -3.466170000000000084e-01
5.910269999999999690e-01 -3.444780000000000064e-01
5.951670000000000016e-01 -3.424800000000000066e-01
5.992920000000000469e-01 -3.406219999999999803e-01
6.033899999999999819e-01 -3.389039999999999830e-01
6.074530000000000207e-01 -3.373229999999999840e-01
6.114699999999999580e-01 -3.358800000000000119e-01
6.154300000000000326e-01 -3.345719999999999805e-01
6.193239999999999856e-01 -3.333990000000000009e-01
6.231419999999999737e-01 -3.323599999999999888e-01
6.268730000000000135e-01 -3.314529999999999976e-01
6.305079999999999574e-01 -3.306790000000000007e-01
6.340350000000000152e-01 -3.300339999999999940e-01
6.374450000000000394e-01 -3.295199999999999796e-01
6.407279999999999642e-01 -3.291330000000000089e-01
6.438739999999999464e-01 -3.288739999999999997e-01
6.468699999999999450e-01 -3.287359999999999727e-01
6.497020000000000017e-01 -3.287039999999999962e-01
6.523539999999999894e-01 -3.287640000000000007e-01
6.548129999999999784e-01 -3.288989999999999969e-01
6.570610000000000062e-01 -3.290950000000000264e-01
6.590850000000000319e-01 -3.293360000000000176e-01
6.608690000000000397e-01 -3.296080000000000121e-01
6.623989999999999601e-01 -3.298940000000000206e-01
6.636589999999999989e-01 -3.301799999999999735e-01
6.646330000000000293e-01 -3.304509999999999947e-01
6.653080000000000105e-01 -3.306899999999999840e-01
6.656680000000000375e-01 -3.308840000000000114e-01
6.656969999999999832e-01 -3.310159999999999769e-01
6.653810000000000002e-01 -3.310719999999999774e-01
6.647049999999999903e-01 -3.310359999999999969e-01
6.636619999999999742e-01 -3.308980000000000254e-01
6.622810000000000086e-01 -3.306689999999999907e-01
6.606020000000000225e-01 -3.303670000000000218e-01
6.586619999999999697e-01 -3.300060000000000215e-01
6.565020000000000300e-01 -3.296060000000000101e-01
6.541599999999999637e-01 -3.291810000000000014e-01
6.516750000000000043e-01 -3.287499999999999867e-01
6.490860000000000518e-01 -3.283289999999999820e-01
6.464280000000000026e-01 -3.279340000000000033e-01
6.437119999999999509e-01 -3.275830000000000131e-01
6.409430000000000405e-01 -3.272930000000000006e-01
6.381219999999999670e-01 -3.270790000000000086e-01
6.352550000000000141e-01 -3.269599999999999729e-01
6.323440000000000172e-01 -3.269520000000000204e-01
6.293919999999999515e-01 -3.270710000000000006e-01
6.264030000000000431e-01 -3.273340000000000138e-01
6.233849999999999669e-01 -3.277470000000000105e-01
6.203530000000000433e-01 -3.283070000000000155e-01
6.173210000000000086e-01 -3.290049999999999919e-01
6.143020000000000147e-01 -3.298389999999999933e-01
6.113119999999999665e-01 -3.308010000000000117e-01
6.083640000000000159e-01 -3.318860000000000143e-01
6.054730000000000389e-01 -3.330879999999999952e-01
6.026540000000000230e-01 -3.344019999999999770e-01
5.999050000000000216e-01 -3.358229999999999826e-01
5.972140000000000226e-01 -3.373439999999999772e-01
5.945610000000000062e-01 -3.389599999999999835e-01
5.919309999999999850e-01 -3.406660000000000244e-01
5.893070000000000253e-01 -3.424559999999999826e-01
5.866730000000000000e-01 -3.443240000000000189e-01
5.840109999999999468e-01 -3.462640000000000162e-01
5.813070000000000181e-01 -3.482739999999999725e-01
5.785649999999999959e-01 -3.503700000000000148e-01
5.757970000000000033e-01 -3.525780000000000025e-01
5.730169999999999986e-01 -3.549240000000000173e-01
5.702369999999999939e-01 -3.574339999999999740e-01
5.674709999999999477e-01 -3.601360000000000117e-01
5.647309999999999830e-01 -3.630559999999999898e-01
5.620309999999999473e-01 -3.662179999999999880e-01
5.593829999999999636e-01 -3.696479999999999766e-01
5.567999999999999616e-01 -3.733279999999999932e-01
5.542949999999999822e-01 -3.772150000000000225e-01
5.518819999999999837e-01 -3.812659999999999938e-01
5.495719999999999494e-01 -3.854380000000000028e-01
5.473789999999999489e-01 -3.896870000000000056e-01
5.453170000000000517e-01 -3.939710000000000156e-01
5.433970000000000189e-01 -3.982450000000000156e-01
5.416330000000000311e-01 -4.024760000000000004e-01
5.400380000000000180e-01 -4.066540000000000155e-01
5.386239999999999917e-01 -4.107720000000000260e-01
5.374060000000000503e-01 -4.148240000000000260e-01
5.363949999999999552e-01 -4.188060000000000116e-01
5.356039999999999690e-01 -4.227099999999999747e-01
5.350470000000000503e-01 -4.265320000000000222e-01
5.347359999999999891e-01 -4.302650000000000086e-01
5.346849999999999659e-01 -4.339040000000000119e-01
5.349059999999999926e-01 -4.374419999999999975e-01
5.354130000000000278e-01 -4.408739999999999881e-01
5.362170000000000547e-01 -4.441950000000000065e-01
5.373329999999999496e-01 -4.473969999999999891e-01
5.387729999999999464e-01 -4.504759999999999875e-01
5.405499999999999750e-01 -4.534250000000000225e-01
5.426750000000000185e-01 -4.562399999999999789e-01
5.451329999999999787e-01 -4.589190000000000214e-01
5.478929999999999634e-01 -4.614630000000000121e-01
5.509220000000000228e-01 -4.638760000000000105e-01
5.541880000000000139e-01 -4.661600000000000188e-01
5.576600000000000446e-01 -4.683160000000000101e-01
5.613059999999999716e-01 -4.703459999999999863e-01
5.650929999999999565e-01 -4.722529999999999784e-01
5.689889999999999670e-01 -4.740389999999999882e-01
5.729630000000000001e-01 -4.757060000000000177e-01
5.769819999999999949e-01 -4.772560000000000136e-01
5.810140000000000304e-01 -4.786909999999999776e-01
5.850279999999999925e-01 -4.800130000000000230e-01
5.889910000000000423e-01 -4.812239999999999851e-01
5.928710000000000369e-01 -4.823270000000000057e-01
5.966360000000000552e-01 -4.833230000000000026e-01
6.002650000000000485e-01 -4.842080000000000273e-01
6.037590000000000456e-01 -4.849649999999999794e-01
6.071239999999999970e-01 -4.855709999999999749e-01
6.103640000000000176e-01 -4.860079999999999956e-01
6.134849999999999470e-01 -4.862529999999999908e-01
6.164929999999999577e-01 -4.862870000000000248e-01
6.193910000000000249e-01 -4.860900000000000221e-01
6.221849999999999881e-01 -4.856400000000000161e-01
6.248810000000000198e-01 -4.849169999999999869e-01
6.274840000000000417e-01 -4.838999999999999968e-01
6.299979999999999469e-01 -4.825699999999999990e-01
6.324290000000000189e-01 -4.809039999999999981e-01
6.347829999999999862e-01 -4.788839999999999764e-01
6.370639999999999636e-01 -4.764880000000000226e-01
6.392769999999999841e-01 -4.736960000000000059e-01
6.414269999999999694e-01 -4.704900000000000193e-01
6.435149999999999482e-01 -4.669019999999999837e-01
6.455359999999999987e-01 -4.629989999999999939e-01
6.474860000000000060e-01 -4.588499999999999801e-01
6.493609999999999660e-01 -4.545230000000000103e-01
6.511580000000000146e-01 -4.500870000000000148e-01
6.528720000000000079e-01 -4.456109999999999793e-01
6.544999999999999707e-01 -4.411619999999999986e-01
6.560369999999999813e-01 -4.368060000000000276e-01
6.574790000000000356e-01 -4.325519999999999921e-01
6.588220000000000187e-01 -4.283680000000000265e-01
6.600629999999999553e-01 -4.242219999999999880e-01
6.611979999999999524e-01 -4.200800000000000090e-01
6.622219999999999773e-01 -4.159100000000000019e-01
6.631310000000000260e-01 -4.116799999999999904e-01
6.639220000000000121e-01 -4.073559999999999959e-01
6.645910000000000428e-01 -4.029090000000000171e-01
6.651420000000000110e-01 -3.983320000000000194e-01
6.655849999999999822e-01 -3.936370000000000147e-01
6.659289999999999932e-01 -3.888320000000000110e-01
6.661820000000000519e-01 -3.839299999999999935e-01
6.663540000000000019e-01 -3.789899999999999936e-01
6.664539999999999909e-01 -3.741099999999999981e-01
6.664909999999999446e-01 -3.693910000000000249e-01
6.664729999999999821e-01 -3.649299999999999766e-01
6.664109999999999756e-01 -3.607600000000000251e-01
6.663120000000000154e-01 -3.568600000000000105e-01
6.661869999999999736e-01 -3.532029999999999892e-01
6.660439999999999694e-01 -3.497640000000000193e-01
6.658920000000000394e-01 -3.465179999999999927e-01
6.657410000000000272e-01 -3.434380000000000210e-01
6.655990000000000517e-01 -3.405000000000000249e-01
6.654729999999999812e-01 -3.376899999999999902e-01
6.653649999999999842e-01 -3.350279999999999925e-01
6.652759999999999785e-01 -3.325389999999999735e-01
6.652069999999999927e-01 -3.302479999999999860e-01
6.651569999999999983e-01 -3.281789999999999985e-01
6.651289999999999702e-01 -3.263559999999999794e-01
6.651219999999999910e-01 -3.248050000000000104e-01
6.651380000000000070e-01 -3.235489999999999755e-01
6.651780000000000470e-01 -3.226140000000000119e-01
6.652409999999999712e-01 -3.220239999999999769e-01
6.653289999999999482e-01 -3.218039999999999790e-01
6.654430000000000067e-01 -3.219779999999999864e-01
6.655830000000000357e-01 -3.225720000000000254e-01
6.657509999999999817e-01 -3.236080000000000068e-01
6.659460000000000379e-01 -3.251129999999999853e-01
6.661700000000000399e-01 -3.271080000000000099e-01
6.664229999999999876e-01 -3.295629999999999948e-01
6.667070000000000496e-01 -3.324090000000000100e-01
6.670220000000000038e-01 -3.355730000000000102e-01
6.673679999999999612e-01 -3.389849999999999808e-01
6.677469999999999795e-01 -3.425489999999999924e-01
6.681599999999999762e-01 -3.461520000000000152e-01
6.686060000000000336e-01 -3.496759999999999868e-01
6.690869999999999873e-01 -3.530079999999999885e-01
6.696039999999999770e-01 -3.561130000000000129e-01
6.701570000000000027e-01 -3.590380000000000238e-01
6.707480000000000109e-01 -3.618330000000000157e-01
6.713759999999999728e-01 -3.645499999999999852e-01
6.720429999999999460e-01 -3.672389999999999821e-01
6.727490000000000414e-01 -3.699509999999999743e-01
6.734959999999999836e-01 -3.727369999999999850e-01
6.742820000000000480e-01 -3.756340000000000234e-01
6.751000000000000334e-01 -3.786300000000000221e-01
6.759410000000000140e-01 -3.817039999999999877e-01
6.767980000000000107e-01 -3.848329999999999806e-01
6.776609999999999578e-01 -3.879969999999999808e-01
6.785219999999999585e-01 -3.911729999999999929e-01
6.793719999999999759e-01 -3.943389999999999951e-01
6.802040000000000308e-01 -3.974750000000000227e-01
6.810079999999999467e-01 -4.005580000000000251e-01
6.817760000000000487e-01 -4.035670000000000091e-01
6.824999999999999956e-01 -4.064789999999999792e-01
6.831709999999999727e-01 -4.092740000000000267e-01
6.837809999999999722e-01 -4.119300000000000184e-01
6.843209999999999571e-01 -4.144240000000000146e-01
6.847820000000000018e-01 -4.167350000000000221e-01
6.851580000000000448e-01 -4.188450000000000228e-01
6.854580000000000117e-01 -4.207640000000000269e-01
6.857010000000000050e-01 -4.225189999999999779e-01
6.859039999999999582e-01 -4.241400000000000170e-01
6.860870000000000024e-01 -4.256550000000000056e-01
6.862690000000000179e-01 -4.270920000000000272e-01
6.864670000000000494e-01 -4.284789999999999988e-01
6.867020000000000346e-01 -4.298440000000000039e-01
6.869899999999999896e-01 -4.312159999999999882e-01
6.873519999999999630e-01 -4.326229999999999798e-01
6.878060000000000285e-01 -4.340939999999999799e-01
6.883700000000000374e-01 -4.356559999999999877e-01
6.890629999999999811e-01 -4.373380000000000045e-01
6.899039999999999617e-01 -4.391680000000000028e-01
6.909110000000000529e-01 -4.411749999999999838e-01
6.921040000000000525e-01 -4.433869999999999756e-01
6.934890000000000221e-01 -4.458119999999999861e-01
5.065720000000000223e-01 -4.381200000000000094e-01
5.089329999999999687e-01 -4.337449999999999917e-01
5.113400000000000167e-01 -4.295169999999999821e-01
5.137930000000000552e-01 -4.254160000000000164e-01
5.162930000000000019e-01 -4.214240000000000208e-01
5.188430000000000542e-01 -4.175189999999999735e-01
5.214419999999999611e-01 -4.136819999999999942e-01
5.240930000000000311e-01 -4.098930000000000073e-01
5.267969999999999597e-01 -4.061310000000000198e-01
5.295549999999999979e-01 -4.023780000000000134e-01
5.323689999999999811e-01 -3.986120000000000219e-01
5.352400000000000491e-01 -3.948150000000000270e-01
5.381690000000000085e-01 -3.909659999999999802e-01
5.411660000000000359e-01 -3.870660000000000212e-01
5.442550000000000443e-01 -3.831609999999999738e-01
5.474649999999999794e-01 -3.793009999999999993e-01
5.508210000000000051e-01 -3.755359999999999809e-01
5.543500000000000094e-01 -3.719169999999999976e-01
5.580810000000000493e-01 -3.684939999999999882e-01
5.620389999999999553e-01 -3.653170000000000028e-01
5.662519999999999776e-01 -3.624350000000000072e-01
5.707459999999999756e-01 -3.598459999999999992e-01
5.755500000000000060e-01 -3.574979999999999825e-01
5.806890000000000107e-01 -3.553350000000000120e-01
5.861910000000000176e-01 -3.533009999999999762e-01
5.920830000000000259e-01 -3.513399999999999856e-01
5.983920000000000350e-01 -3.493970000000000131e-01
6.051450000000000440e-01 -3.474160000000000026e-01
6.123429999999999707e-01 -3.453490000000000171e-01
6.197380000000000111e-01 -3.432230000000000003e-01
6.269489999999999785e-01 -3.411029999999999895e-01
6.335910000000000153e-01 -3.390549999999999953e-01
6.392989999999999506e-01 -3.371480000000000032e-01
6.439279999999999449e-01 -3.354469999999999952e-01
6.474800000000000555e-01 -3.340190000000000103e-01
6.499610000000000110e-01 -3.329309999999999770e-01
6.514189999999999703e-01 -3.322240000000000193e-01
6.520660000000000345e-01 -3.318429999999999991e-01
6.521489999999999787e-01 -3.317120000000000068e-01
6.519190000000000262e-01 -3.317530000000000201e-01
6.516110000000000513e-01 -3.318880000000000163e-01
6.513740000000000085e-01 -3.320409999999999751e-01
6.513259999999999605e-01 -3.321330000000000116e-01
6.515840000000000520e-01 -3.320870000000000211e-01
6.522149999999999892e-01 -3.318519999999999803e-01
6.530829999999999691e-01 -3.314810000000000256e-01
6.539960000000000218e-01 -3.310569999999999902e-01
6.547610000000000374e-01 -3.306620000000000115e-01
6.551869999999999639e-01 -3.303789999999999782e-01
6.550829999999999709e-01 -3.302899999999999725e-01
6.542559999999999487e-01 -3.304770000000000207e-01
6.525149999999999562e-01 -3.310230000000000117e-01
6.497469999999999635e-01 -3.319819999999999993e-01
6.460989999999999789e-01 -3.333160000000000012e-01
6.417680000000000051e-01 -3.349690000000000167e-01
6.369540000000000202e-01 -3.368849999999999900e-01
6.318540000000000267e-01 -3.390079999999999760e-01
6.266659999999999453e-01 -3.412810000000000010e-01
6.215899999999999759e-01 -3.436480000000000090e-01
6.168230000000000102e-01 -3.460529999999999995e-01
6.124960000000000404e-01 -3.484530000000000127e-01
6.085720000000000018e-01 -3.508370000000000100e-01
6.049879999999999702e-01 -3.532000000000000139e-01
6.016810000000000214e-01 -3.555360000000000187e-01
5.985859999999999514e-01 -3.578379999999999894e-01
5.956399999999999473e-01 -3.601030000000000064e-01
5.927799999999999736e-01 -3.623230000000000062e-01
5.899419999999999664e-01 -3.644939999999999847e-01
5.870940000000000047e-01 -3.666200000000000014e-01
5.842410000000000103e-01 -3.687210000000000210e-01
5.813930000000000486e-01 -3.708170000000000077e-01
5.785609999999999919e-01 -3.729279999999999817e-01
5.757550000000000168e-01 -3.750740000000000185e-01
5.729840000000000488e-01 -3.772769999999999735e-01
5.702580000000000426e-01 -3.795549999999999757e-01
5.675890000000000102e-01 -3.819299999999999917e-01
5.649880000000000457e-01 -3.844060000000000255e-01
5.624740000000000295e-01 -3.869779999999999887e-01
5.600619999999999488e-01 -3.896399999999999864e-01
5.577699999999999880e-01 -3.923880000000000146e-01
5.556149999999999700e-01 -3.952140000000000097e-01
5.536130000000000217e-01 -3.981129999999999947e-01
5.517800000000000482e-01 -4.010799999999999921e-01
5.501350000000000406e-01 -4.041060000000000207e-01
5.486929999999999863e-01 -4.071649999999999991e-01
5.474719999999999587e-01 -4.102250000000000063e-01
5.464869999999999450e-01 -4.132489999999999775e-01
5.457570000000000476e-01 -4.162049999999999916e-01
5.452970000000000317e-01 -4.190590000000000148e-01
5.451249999999999707e-01 -4.217750000000000110e-01
5.452569999999999917e-01 -4.243199999999999750e-01
5.457020000000000204e-01 -4.266710000000000225e-01
5.464369999999999505e-01 -4.288560000000000150e-01
5.474240000000000217e-01 -4.309180000000000232e-01
5.486299999999999510e-01 -4.329009999999999803e-01
5.500190000000000357e-01 -4.348469999999999835e-01
5.515560000000000462e-01 -4.368009999999999948e-01
5.532049999999999468e-01 -4.388050000000000006e-01
5.549319999999999808e-01 -4.409029999999999894e-01
5.567109999999999559e-01 -4.431149999999999811e-01
5.585379999999999789e-01 -4.454080000000000261e-01
5.604120000000000212e-01 -4.477389999999999981e-01
5.623340000000000005e-01 -4.500649999999999928e-01
5.643029999999999990e-01 -4.523440000000000238e-01
5.663190000000000168e-01 -4.545319999999999916e-01
5.683820000000000539e-01 -4.565870000000000206e-01
5.704919999999999991e-01 -4.584670000000000134e-01
5.726440000000000419e-01 -4.601549999999999807e-01
5.748259999999999481e-01 -4.616609999999999880e-01
5.770290000000000141e-01 -4.629980000000000206e-01
5.792399999999999771e-01 -4.641790000000000083e-01
5.814479999999999649e-01 -4.652140000000000164e-01
5.836440000000000516e-01 -4.661170000000000035e-01
5.858149999999999746e-01 -4.668999999999999817e-01
5.879510000000000014e-01 -4.675739999999999896e-01
5.900410000000000377e-01 -4.681540000000000146e-01
5.920739999999999892e-01 -4.686500000000000110e-01
5.940379999999999550e-01 -4.690750000000000197e-01
5.959229999999999805e-01 -4.694409999999999972e-01
5.977170000000000538e-01 -4.697609999999999841e-01
5.994099999999999984e-01 -4.700469999999999926e-01
6.009910000000000529e-01 -4.703109999999999791e-01
6.024500000000000410e-01 -4.705639999999999823e-01
6.037949999999999706e-01 -4.708019999999999983e-01
6.050330000000000430e-01 -4.710210000000000230e-01
6.061750000000000194e-01 -4.712149999999999950e-01
6.072309999999999652e-01 -4.713769999999999905e-01
6.082100000000000284e-01 -4.715019999999999767e-01
6.091220000000000523e-01 -4.715849999999999764e-01
6.099769999999999914e-01 -4.716179999999999817e-01
6.107860000000000511e-01 -4.715960000000000152e-01
6.115559999999999885e-01 -4.715130000000000154e-01
6.122990000000000377e-01 -4.713640000000000052e-01
6.130240000000000133e-01 -4.711429999999999785e-01
6.137409999999999810e-01 -4.708430000000000115e-01
6.144600000000000062e-01 -4.704590000000000161e-01
6.151900000000000146e-01 -4.699849999999999861e-01
6.159409999999999608e-01 -4.694150000000000267e-01
6.167209999999999637e-01 -4.687470000000000248e-01
6.175319999999999698e-01 -4.679849999999999843e-01
6.183779999999999832e-01 -4.671359999999999957e-01
6.192609999999999504e-01 -4.662029999999999785e-01
6.201849999999999863e-01 -4.651919999999999944e-01
6.211520000000000374e-01 -4.641080000000000205e-01
6.221649999999999681e-01 -4.629559999999999786e-01
6.232269999999999754e-01 -4.617410000000000125e-01
6.243419999999999526e-01 -4.604670000000000152e-01
6.255110000000000392e-01 -4.591410000000000213e-01
6.267380000000000173e-01 -4.577669999999999795e-01
6.280259999999999732e-01 -4.563510000000000066e-01
6.293779999999999930e-01 -4.548960000000000226e-01
6.307970000000000521e-01 -4.534090000000000065e-01
6.322839999999999572e-01 -4.518940000000000179e-01
6.338430000000000453e-01 -4.503530000000000033e-01
6.354640000000000288e-01 -4.487619999999999942e-01
6.371360000000000356e-01 -4.470879999999999854e-01
6.388460000000000250e-01 -4.452999999999999736e-01
6.405830000000000135e-01 -4.433650000000000091e-01
6.423330000000000428e-01 -4.412490000000000023e-01
6.440869999999999651e-01 -4.389219999999999788e-01
6.458300000000000152e-01 -4.363489999999999869e-01
6.475520000000000165e-01 -4.335089999999999777e-01
6.492400000000000393e-01 -4.304109999999999880e-01
6.508819999999999606e-01 -4.270740000000000092e-01
6.524670000000000192e-01 -4.235169999999999768e-01
6.539819999999999522e-01 -4.197580000000000200e-01
6.554140000000000521e-01 -4.158169999999999922e-01
6.567530000000000312e-01 -4.117109999999999936e-01
6.579859999999999598e-01 -4.074590000000000156e-01
6.591050000000000519e-01 -4.031020000000000159e-01
6.601120000000000321e-01 -3.987370000000000081e-01
6.610110000000000152e-01 -3.944679999999999853e-01
6.618060000000000054e-01 -3.904009999999999980e-01
6.625010000000000066e-01 -3.865759999999999752e-01
6.630989999999999940e-01 -3.828199999999999936e-01
6.636039999999999717e-01 -3.789199999999999791e-01
6.640209999999999724e-01 -3.746669999999999723e-01
6.643529999999999713e-01 -3.700280000000000236e-01
6.646030000000000548e-01 -3.652290000000000258e-01
6.647760000000000336e-01 -3.605149999999999744e-01
6.648749999999999938e-01 -3.561289999999999734e-01
6.649049999999999683e-01 -3.522140000000000271e-01
6.648680000000000145e-01 -3.487259999999999804e-01
6.647699999999999720e-01 -3.456080000000000263e-01
6.646130000000000093e-01 -3.427999999999999936e-01
6.644060000000000521e-01 -3.402720000000000189e-01
6.641610000000000014e-01 -3.380159999999999831e-01
6.638880000000000337e-01 -3.360219999999999874e-01
6.635990000000000499e-01 -3.342820000000000236e-01
6.633050000000000335e-01 -3.327860000000000262e-01
6.630169999999999675e-01 -3.315270000000000161e-01
6.627469999999999750e-01 -3.304949999999999832e-01
6.625060000000000393e-01 -3.296819999999999751e-01
6.623050000000000326e-01 -3.290779999999999816e-01
6.621550000000000491e-01 -3.286749999999999949e-01
6.620679999999999898e-01 -3.284639999999999782e-01
6.620549999999999491e-01 -3.284369999999999790e-01
6.621270000000000211e-01 -3.285839999999999872e-01
6.622949999999999671e-01 -3.288980000000000237e-01
6.625710000000000210e-01 -3.293679999999999941e-01
6.629629999999999690e-01 -3.300020000000000175e-01
6.634609999999999674e-01 -3.308809999999999807e-01
6.640530000000000044e-01 -3.321089999999999876e-01
6.647239999999999815e-01 -3.337879999999999736e-01
6.654619999999999980e-01 -3.360210000000000141e-01
6.662519999999999554e-01 -3.389119999999999910e-01
6.670819999999999528e-01 -3.425630000000000064e-01
6.679370000000000029e-01 -3.470770000000000244e-01
6.688039999999999541e-01 -3.524510000000000143e-01
6.696699999999999875e-01 -3.583370000000000166e-01
6.705210000000000337e-01 -3.643170000000000019e-01
6.713430000000000231e-01 -3.699740000000000251e-01
6.721230000000000260e-01 -3.749549999999999828e-01
6.728480000000000016e-01 -3.792260000000000075e-01
6.735039999999999916e-01 -3.828599999999999781e-01
6.740770000000000373e-01 -3.859290000000000220e-01
6.745609999999999662e-01 -3.885210000000000052e-01
6.749640000000000084e-01 -3.907599999999999962e-01
6.752989999999999826e-01 -3.927760000000000140e-01
6.755750000000000366e-01 -3.946990000000000220e-01
6.758030000000000426e-01 -3.966529999999999778e-01
6.759950000000000125e-01 -3.987410000000000121e-01
6.761610000000000120e-01 -4.010619999999999741e-01
6.763120000000000243e-01 -4.037120000000000153e-01
6.764599999999999502e-01 -4.066949999999999732e-01
6.766149999999999665e-01 -4.098859999999999726e-01
6.767879999999999452e-01 -4.131520000000000192e-01
6.769899999999999807e-01 -4.163589999999999791e-01
6.772319999999999451e-01 -4.193709999999999938e-01
6.775259999999999616e-01 -4.220550000000000135e-01
6.778809999999999558e-01 -4.242770000000000152e-01
6.783080000000000220e-01 -4.259100000000000108e-01
6.788119999999999710e-01 -4.269740000000000202e-01
6.793940000000000534e-01 -4.276010000000000089e-01
6.800509999999999611e-01 -4.279310000000000058e-01
6.807849999999999735e-01 -4.281010000000000093e-01
6.815940000000000332e-01 -4.282500000000000195e-01
6.824780000000000291e-01 -4.285149999999999793e-01
6.834369999999999612e-01 -4.290359999999999729e-01
6.844700000000000228e-01 -4.299359999999999848e-01
6.855769999999999920e-01 -4.312159999999999882e-01
6.867579999999999796e-01 -4.328119999999999745e-01
6.880110000000000392e-01 -4.346619999999999928e-01
6.893369999999999775e-01 -4.366999999999999771e-01
6.907349999999999879e-01 -4.388630000000000031e-01
6.922059999999999880e-01 -4.410859999999999781e-01
6.937470000000000026e-01 -4.433059999999999778e-01
6.953589999999999494e-01 -4.454670000000000019e-01
6.970410000000000217e-01 -4.475640000000000174e-01
6.987910000000000510e-01 -4.496100000000000096e-01
7.006069999999999798e-01 -4.516180000000000194e-01
7.024890000000000301e-01 -4.536009999999999764e-01
7.044340000000000046e-01 -4.555719999999999770e-01
7.064409999999999856e-01 -4.575440000000000063e-01
7.085080000000000267e-01 -4.595310000000000228e-01
7.106320000000000414e-01 -4.615360000000000018e-01
7.127999999999999892e-01 -4.635319999999999996e-01
7.149959999999999649e-01 -4.654829999999999801e-01
7.172060000000000102e-01 -4.673550000000000204e-01
7.194139999999999979e-01 -4.691130000000000022e-01
7.216059999999999697e-01 -4.707210000000000005e-01
7.237660000000000204e-01 -4.721460000000000101e-01
7.258809999999999985e-01 -4.733510000000000217e-01
7.279729999999999812e-01 -4.743140000000000134e-01
7.301450000000000440e-01 -4.750349999999999850e-01
7.325059999999999905e-01 -4.755170000000000230e-01
7.351640000000000397e-01 -4.757609999999999895e-01
7.382290000000000241e-01 -4.757719999999999727e-01
7.418109999999999982e-01 -4.755510000000000015e-01
7.460200000000000164e-01 -4.751009999999999955e-01
7.509590000000000432e-01 -4.744249999999999856e-01
7.565469999999999695e-01 -4.735260000000000025e-01
7.624400000000000066e-01 -4.724050000000000193e-01
7.682740000000000125e-01 -4.710670000000000135e-01
7.736910000000000176e-01 -4.695119999999999849e-01
7.785379999999999523e-01 -4.677450000000000219e-01
7.829850000000000421e-01 -4.657680000000000153e-01
7.872259999999999813e-01 -4.635830000000000228e-01
7.914440000000000364e-01 -4.611939999999999928e-01
7.957070000000000531e-01 -4.586210000000000009e-01
4.596250000000000058e-01 -5.191120000000000179e-01
4.627809999999999979e-01 -5.156169999999999920e-01
4.658399999999999763e-01 -5.121499999999999941e-01
4.687359999999999860e-01 -5.087479999999999780e-01
4.713990000000000125e-01 -5.054499999999999549e-01
4.737870000000000137e-01 -5.022739999999999982e-01
4.759280000000000177e-01 -4.991659999999999986e-01
4.778700000000000170e-01 -4.960579999999999989e-01
4.796590000000000020e-01 -4.928799999999999848e-01
4.813410000000000188e-01 -4.895630000000000259e-01
4.829649999999999777e-01 -4.860380000000000256e-01
4.845760000000000067e-01 -4.822359999999999980e-01
4.862210000000000143e-01 -4.780889999999999862e-01
4.879379999999999828e-01 -4.735630000000000117e-01
4.897360000000000047e-01 -4.687299999999999800e-01
4.916240000000000054e-01 -4.636739999999999751e-01
4.936070000000000180e-01 -4.584820000000000007e-01
4.956929999999999947e-01 -4.532399999999999762e-01
4.978859999999999952e-01 -4.480339999999999878e-01
5.001959999999999740e-01 -4.429500000000000104e-01
5.026270000000000460e-01 -4.380740000000000189e-01
5.051860000000000239e-01 -4.334509999999999752e-01
5.078810000000000269e-01 -4.290479999999999849e-01
5.107169999999999765e-01 -4.248239999999999794e-01
5.137009999999999632e-01 -4.207389999999999741e-01
5.168409999999999949e-01 -4.167529999999999846e-01
5.201409999999999645e-01 -4.128249999999999975e-01
5.236100000000000199e-01 -4.089139999999999997e-01
5.272529999999999717e-01 -4.049809999999999799e-01
5.310639999999999805e-01 -4.010219999999999896e-01
5.350209999999999688e-01 -3.970730000000000093e-01
5.391019999999999701e-01 -3.931740000000000235e-01
5.432850000000000179e-01 -3.893630000000000146e-01
5.475480000000000347e-01 -3.856789999999999941e-01
5.518680000000000252e-01 -3.821609999999999729e-01
5.562240000000000517e-01 -3.788480000000000181e-01
5.605919999999999792e-01 -3.757750000000000257e-01
5.649520000000000097e-01 -3.729370000000000185e-01
5.692810000000000370e-01 -3.703049999999999953e-01
5.735559999999999548e-01 -3.678509999999999835e-01
5.777560000000000473e-01 -3.655459999999999821e-01
5.818579999999999863e-01 -3.633629999999999916e-01
5.858400000000000274e-01 -3.612730000000000108e-01
5.896799999999999820e-01 -3.592480000000000118e-01
5.933629999999999738e-01 -3.572620000000000240e-01
5.969170000000000309e-01 -3.553140000000000187e-01
6.003840000000000288e-01 -3.534109999999999752e-01
6.038059999999999539e-01 -3.515570000000000084e-01
6.072260000000000435e-01 -3.497580000000000133e-01
6.106840000000000046e-01 -3.480199999999999960e-01
6.142239999999999922e-01 -3.463490000000000180e-01
6.178869999999999640e-01 -3.447509999999999741e-01
6.216979999999999729e-01 -3.432310000000000083e-01
6.255979999999999874e-01 -3.417950000000000155e-01
6.294999999999999485e-01 -3.404479999999999729e-01
6.333189999999999653e-01 -3.391970000000000263e-01
6.369709999999999539e-01 -3.380469999999999864e-01
6.403680000000000483e-01 -3.370040000000000258e-01
6.434269999999999712e-01 -3.360730000000000106e-01
6.460650000000000004e-01 -3.352609999999999757e-01
6.482639999999999514e-01 -3.345650000000000013e-01
6.500580000000000247e-01 -3.339770000000000238e-01
6.514839999999999520e-01 -3.334920000000000107e-01
6.525779999999999914e-01 -3.331000000000000072e-01
6.533769999999999856e-01 -3.327939999999999787e-01
6.539169999999999705e-01 -3.325670000000000015e-01
6.542350000000000110e-01 -3.324110000000000120e-01
6.543660000000000032e-01 -3.323189999999999755e-01
6.543470000000000120e-01 -3.322829999999999950e-01
6.542149999999999910e-01 -3.322950000000000070e-01
6.540049999999999475e-01 -3.323490000000000055e-01
6.537549999999999750e-01 -3.324360000000000093e-01
6.534999999999999698e-01 -3.325480000000000103e-01
6.532780000000000253e-01 -3.326790000000000025e-01
6.531230000000000091e-01 -3.328209999999999780e-01
6.530550000000000521e-01 -3.329690000000000150e-01
6.529970000000000496e-01 -3.331279999999999797e-01
6.528460000000000374e-01 -3.333079999999999932e-01
6.524980000000000224e-01 -3.335199999999999831e-01
6.518479999999999830e-01 -3.337729999999999864e-01
6.507920000000000371e-01 -3.340759999999999841e-01
6.492250000000000520e-01 -3.344409999999999883e-01
6.470449999999999813e-01 -3.348749999999999782e-01
6.441869999999999541e-01 -3.353900000000000214e-01
6.407270000000000465e-01 -3.359949999999999881e-01
6.367680000000000007e-01 -3.366999999999999993e-01
6.324140000000000317e-01 -3.375139999999999807e-01
6.277690000000000214e-01 -3.384469999999999978e-01
6.229360000000000452e-01 -3.395099999999999785e-01
6.180210000000000425e-01 -3.407109999999999861e-01
6.131259999999999488e-01 -3.420610000000000039e-01
6.083269999999999511e-01 -3.435650000000000093e-01
6.036350000000000326e-01 -3.452140000000000208e-01
5.990539999999999754e-01 -3.470019999999999771e-01
5.945869999999999767e-01 -3.489180000000000059e-01
5.902349999999999541e-01 -3.509550000000000169e-01
5.860020000000000229e-01 -3.531039999999999734e-01
5.818900000000000183e-01 -3.553560000000000052e-01
5.779029999999999445e-01 -3.577020000000000199e-01
5.740420000000000522e-01 -3.601349999999999829e-01
5.703110000000000124e-01 -3.626449999999999951e-01
5.667130000000000223e-01 -3.652230000000000198e-01
5.632500000000000284e-01 -3.678620000000000223e-01
5.599239999999999773e-01 -3.705519999999999925e-01
5.567400000000000126e-01 -3.732849999999999779e-01
5.536990000000000522e-01 -3.760530000000000261e-01
5.508039999999999603e-01 -3.788460000000000161e-01
5.480620000000000491e-01 -3.816640000000000033e-01
5.454879999999999729e-01 -3.845199999999999729e-01
5.430970000000000519e-01 -3.874259999999999926e-01
5.409019999999999939e-01 -3.903949999999999920e-01
5.389180000000000081e-01 -3.934409999999999852e-01
5.371609999999999996e-01 -3.965770000000000128e-01
5.356450000000000378e-01 -3.998160000000000047e-01
5.343849999999999989e-01 -4.031699999999999728e-01
5.333949999999999525e-01 -4.066400000000000015e-01
5.326899999999999968e-01 -4.102120000000000211e-01
5.322850000000000081e-01 -4.138720000000000176e-01
5.321939999999999449e-01 -4.176079999999999792e-01
5.324320000000000164e-01 -4.214040000000000008e-01
5.330150000000000166e-01 -4.252480000000000149e-01
5.339559999999999862e-01 -4.291260000000000074e-01
5.352580000000000116e-01 -4.330160000000000120e-01
5.368910000000000071e-01 -4.368790000000000173e-01
5.388199999999999656e-01 -4.406709999999999794e-01
5.410089999999999621e-01 -4.443480000000000207e-01
5.434219999999999606e-01 -4.478679999999999883e-01
5.460249999999999826e-01 -4.511859999999999760e-01
5.487819999999999920e-01 -4.542590000000000239e-01
5.516560000000000352e-01 -4.570440000000000058e-01
5.546140000000000514e-01 -4.595179999999999820e-01
5.576179999999999470e-01 -4.616879999999999873e-01
5.606349999999999945e-01 -4.635670000000000068e-01
5.636269999999999891e-01 -4.651660000000000239e-01
5.665609999999999813e-01 -4.664969999999999950e-01
5.694000000000000172e-01 -4.675710000000000144e-01
5.721079999999999499e-01 -4.683990000000000098e-01
5.746529999999999694e-01 -4.689949999999999952e-01
5.770260000000000389e-01 -4.693809999999999927e-01
5.792460000000000386e-01 -4.695909999999999807e-01
5.813329999999999886e-01 -4.696580000000000199e-01
5.833049999999999624e-01 -4.696159999999999779e-01
5.851809999999999512e-01 -4.694989999999999997e-01
5.869809999999999750e-01 -4.693410000000000082e-01
5.887229999999999963e-01 -4.691759999999999819e-01
5.904260000000000064e-01 -4.690340000000000065e-01
5.921100000000000252e-01 -4.689200000000000035e-01
5.937930000000000152e-01 -4.688149999999999817e-01
5.954949999999999966e-01 -4.687000000000000055e-01
5.972349999999999604e-01 -4.685579999999999745e-01
5.990309999999999802e-01 -4.683689999999999798e-01
6.009029999999999649e-01 -4.681159999999999766e-01
6.028689999999999882e-01 -4.677799999999999736e-01
6.049449999999999550e-01 -4.673430000000000084e-01
6.071090000000000098e-01 -4.667919999999999847e-01
6.093309999999999560e-01 -4.661150000000000015e-01
6.115770000000000373e-01 -4.653010000000000201e-01
6.138169999999999460e-01 -4.643369999999999997e-01
6.160170000000000368e-01 -4.632129999999999859e-01
6.181449999999999445e-01 -4.619170000000000220e-01
6.201699999999999990e-01 -4.604369999999999852e-01
6.220670000000000366e-01 -4.587620000000000031e-01
6.238679999999999781e-01 -4.568789999999999796e-01
6.256180000000000074e-01 -4.547780000000000156e-01
6.273659999999999792e-01 -4.524460000000000148e-01
6.291579999999999950e-01 -4.498719999999999941e-01
6.310430000000000206e-01 -4.470450000000000257e-01
6.330670000000000464e-01 -4.439529999999999865e-01
6.352780000000000094e-01 -4.405839999999999756e-01
6.377049999999999663e-01 -4.369399999999999951e-01
6.402989999999999515e-01 -4.330820000000000225e-01
6.429909999999999792e-01 -4.290849999999999942e-01
6.457110000000000349e-01 -4.250249999999999861e-01
6.483889999999999931e-01 -4.209780000000000189e-01
6.509549999999999503e-01 -4.170189999999999730e-01
6.533400000000000318e-01 -4.132259999999999822e-01
6.554740000000000011e-01 -4.096730000000000094e-01
6.573120000000000074e-01 -4.063919999999999755e-01
6.588709999999999845e-01 -4.033050000000000246e-01
6.601759999999999851e-01 -4.003180000000000072e-01
6.612550000000000372e-01 -3.973340000000000205e-01
6.621340000000000003e-01 -3.942579999999999973e-01
6.628380000000000383e-01 -3.909960000000000102e-01
6.633949999999999569e-01 -3.874509999999999899e-01
6.638290000000000024e-01 -3.835399999999999920e-01
6.641559999999999686e-01 -3.793009999999999993e-01
6.643820000000000281e-01 -3.748600000000000265e-01
6.645130000000000203e-01 -3.703429999999999778e-01
6.645579999999999821e-01 -3.658739999999999770e-01
6.645219999999999461e-01 -3.615789999999999837e-01
6.644139999999999491e-01 -3.575849999999999862e-01
6.642390000000000239e-01 -3.540170000000000261e-01
6.640049999999999564e-01 -3.509849999999999914e-01
6.637180000000000302e-01 -3.484700000000000020e-01
6.633860000000000312e-01 -3.463780000000000192e-01
6.630150000000000210e-01 -3.446170000000000067e-01
6.626119999999999788e-01 -3.430969999999999853e-01
6.621850000000000236e-01 -3.417250000000000010e-01
6.617399999999999949e-01 -3.404079999999999884e-01
6.612839999999999829e-01 -3.390549999999999953e-01
6.608239999999999670e-01 -3.375879999999999992e-01
6.603660000000000085e-01 -3.360179999999999834e-01
6.599190000000000333e-01 -3.343840000000000146e-01
6.594889999999999919e-01 -3.327300000000000257e-01
6.590819999999999457e-01 -3.310939999999999994e-01
6.587049999999999850e-01 -3.295199999999999796e-01
6.583660000000000068e-01 -3.280469999999999775e-01
6.580719999999999903e-01 -3.267180000000000084e-01
6.578289999999999971e-01 -3.255730000000000013e-01
6.576440000000000063e-01 -3.246539999999999981e-01
6.575239999999999974e-01 -3.240009999999999835e-01
6.574769999999999781e-01 -3.236559999999999993e-01
6.575079999999999814e-01 -3.236600000000000033e-01
6.576260000000000439e-01 -3.240549999999999820e-01
6.578359999999999763e-01 -3.248809999999999754e-01
6.581460000000000088e-01 -3.261800000000000255e-01
6.585590000000000055e-01 -3.279630000000000045e-01
6.590669999999999584e-01 -3.301549999999999763e-01
6.596589999999999954e-01 -3.326609999999999845e-01
6.603250000000000508e-01 -3.353900000000000214e-01
6.610559999999999770e-01 -3.382490000000000219e-01
6.618399999999999839e-01 -3.411440000000000028e-01
6.626670000000000060e-01 -3.439820000000000100e-01
6.635280000000000067e-01 -3.466719999999999802e-01
6.644120000000000026e-01 -3.491960000000000064e-01
6.653080000000000105e-01 -3.516699999999999826e-01
6.662059999999999649e-01 -3.542259999999999853e-01
6.670970000000000510e-01 -3.569950000000000068e-01
6.679699999999999527e-01 -3.601099999999999857e-01
6.688140000000000196e-01 -3.637000000000000233e-01
6.696189999999999642e-01 -3.678980000000000028e-01
6.703750000000000542e-01 -3.728310000000000235e-01
6.710779999999999523e-01 -3.784779999999999811e-01
6.717269999999999630e-01 -3.846269999999999967e-01
6.723249999999999504e-01 -3.910540000000000127e-01
6.728730000000000544e-01 -3.975339999999999985e-01
6.733719999999999706e-01 -4.038450000000000095e-01
6.738250000000000073e-01 -4.097609999999999864e-01
6.742320000000000535e-01 -4.150590000000000113e-01
6.745949999999999447e-01 -4.195329999999999893e-01
6.749159999999999604e-01 -4.231759999999999966e-01
6.751960000000000184e-01 -4.261099999999999888e-01
6.754360000000000364e-01 -4.284549999999999748e-01
6.756389999999999896e-01 -4.303350000000000231e-01
6.758049999999999891e-01 -4.318710000000000049e-01
6.759370000000000100e-01 -4.331860000000000155e-01
6.760350000000000525e-01 -4.344000000000000083e-01
6.761030000000000095e-01 -4.356010000000000160e-01
6.761490000000000000e-01 -4.367969999999999908e-01
6.761789999999999745e-01 -4.379870000000000152e-01
6.762029999999999985e-01 -4.391709999999999781e-01
6.762259999999999938e-01 -4.403480000000000172e-01
6.762580000000000258e-01 -4.415180000000000216e-01
6.763059999999999627e-01 -4.426800000000000179e-01
6.763780000000000348e-01 -4.438329999999999775e-01
6.764809999999999990e-01 -4.449759999999999827e-01
6.766240000000000032e-01 -4.461100000000000065e-01
6.768129999999999979e-01 -4.472340000000000204e-01
6.770570000000000199e-01 -4.483460000000000223e-01
6.773639999999999661e-01 -4.494460000000000122e-01
6.777410000000000379e-01 -4.505339999999999900e-01
6.781949999999999923e-01 -4.516089999999999827e-01
6.787349999999999772e-01 -4.526700000000000168e-01
6.793590000000000462e-01 -4.537169999999999814e-01
6.800570000000000226e-01 -4.547490000000000143e-01
6.808189999999999520e-01 -4.557649999999999757e-01
6.816349999999999909e-01 -4.567649999999999766e-01
6.824959999999999916e-01 -4.577479999999999882e-01
6.833909999999999707e-01 -4.587140000000000106e-01
6.843110000000000026e-01 -4.596620000000000150e-01
6.852460000000000218e-01 -4.605909999999999727e-01
6.861850000000000449e-01 -4.615009999999999946e-01
6.871190000000000353e-01 -4.623909999999999965e-01
6.880389999999999562e-01 -4.632600000000000051e-01
6.889330000000000176e-01 -4.641089999999999938e-01
6.897919999999999607e-01 -4.649349999999999872e-01
6.906069999999999709e-01 -4.657390000000000141e-01
6.913669999999999538e-01 -4.665199999999999902e-01
6.920659999999999590e-01 -4.672769999999999979e-01
6.927159999999999984e-01 -4.680079999999999796e-01
